epoch,train_loss,val_loss,train_loss_smooth,val_loss_smooth
1,0.22504816667901145,0.10665374130010605,0.14042121551301742,0.07703819549679758
2,0.06969347054759661,0.049406518936157225,0.13308341969384088,0.07436016825437547
3,0.05019625572694673,0.0471650467813015,0.1256945471684138,0.07163879271149635
4,0.049215980999999576,0.04681483134627342,0.11825042860243054,0.06887321399450302
5,0.04878086030483246,0.046445406526327136,0.11075399864647122,0.06605102872252464
6,0.04828815187017123,0.045942176431417465,0.10320851051509378,0.06318718536496162
7,0.04776927822166019,0.045583519339561465,0.09561387990216412,0.06028125840425491
8,0.04719766108526124,0.04494991227984428,0.08797721744543975,0.057342300903797154
9,0.046506586654318706,0.044201667308807376,0.08030987546808188,0.054380554062128064
10,0.04575140428211954,0.043601814955472946,0.07261684929761619,0.05140109384059906
11,0.04485984121759733,0.04269657775759697,0.06490742028786077,0.048407805615663525
12,0.04387027997109625,0.04179276242852211,0.05718601047562227,0.04540935086011886
13,0.04277445011668735,0.04085601642727852,0.04945911832451821,0.042399950492382044
14,0.04160327119959725,0.03970306023955345,0.041727296446098225,0.03938448961377143
15,0.04032635354333454,0.038619352728128435,0.040207184360093545,0.03865717517137528
16,0.03894520252943039,0.03751427337527275,0.039461704026990466,0.038015418690443045
17,0.03763741778002845,0.03609910950064659,0.03875584234926436,0.03738520515561105
18,0.03641096339457565,0.03505765736103058,0.03806481675737434,0.036768759661912925
19,0.0351824013557699,0.03400556728243828,0.037392871243755024,0.036166350102424624
20,0.03413160526090198,0.033179803788661956,0.036737111289964784,0.03557945613861084
21,0.03336461724506484,0.03261007025837898,0.03610216852558984,0.03501515281796456
22,0.03272251241736942,0.03216723576188087,0.035488758186499283,0.0344789233148098
23,0.03231244143512514,0.031821535676717756,0.034906848593221775,0.03395930618643761
24,0.03201292137304942,0.031692372411489485,0.03435646138555474,0.03347290333509445
25,0.031875862901409466,0.03141873210668564,0.03384359184503555,0.033022016263008123
26,0.0317526197185119,0.03126721933484077,0.03336977715873056,0.03260489755272866
27,0.03169066839747959,0.031223657876253127,0.03294099963820643,0.03222785901427269
28,0.031559247399369876,0.031121134757995605,0.03256055394245518,0.03188995496630669
29,0.03156943905684683,0.031059492975473404,0.032229357534315856,0.03160976659357548
30,0.031505220507582025,0.03103426918387413,0.03194911886519856,0.03136482658684254
31,0.031489514029688304,0.030881937444210052,0.03171142263710498,0.031157084220647818
32,0.03137527937690417,0.03091117024421692,0.031516246860226,0.03098566337823868
33,0.03132409197588762,0.030842329263687133,0.031360625020994085,0.030841121891140938
34,0.031171328177054723,0.03079592972993851,0.03122642849319511,0.030715927806496623
35,0.031203664450181856,0.030611386746168135,0.031113525325391026,0.030602857601642615
36,0.031100161025921502,0.030536506474018097,0.031006174231237835,0.030496313360333444
37,0.031048541458116637,0.030520585626363755,0.030904606673452586,0.030385138127207757
38,0.030929082959062524,0.0304280486702919,0.030801314578453698,0.030277472081780436
39,0.03088383318649398,0.030277096778154374,0.030693989032838077,0.03016553890109062
40,0.03081521114955346,0.030171751528978347,0.030582737895184092,0.03004799484908581
41,0.03066529232594702,0.03050956405699253,0.03046639175216357,0.029923585370182994
42,0.030631451052096154,0.029975609332323076,0.030338142950005004,0.029794083034992216
43,0.03046855769223637,0.029864098206162454,0.03019835481842359,0.02966064217686653
44,0.03030300693379508,0.02972004622220993,0.030048232454723784,0.029520459002256392
45,0.030241059280104107,0.02956626661121845,0.029886448304851855,0.029359098780155184
46,0.03000970405009058,0.02948021814227104,0.029712566661172442,0.029186347141861916
47,0.029899933222267364,0.029340480640530586,0.029533412663141887,0.028996380835771562
48,0.02962866408129533,0.029157929643988608,0.029332731754249997,0.028794445022940637
49,0.029473732428418265,0.02891299158334732,0.029121882222096128,0.028583954539895054
50,0.02929356052643723,0.02872708097100258,0.028889600973990227,0.028362172001600263
51,0.029069481078121396,0.02846888981759548,0.028645625101692142,0.028122737711668015
52,0.028909389956129922,0.028285056576132773,0.028388221560418606,0.02786136707365513
53,0.028650593823856776,0.028010897785425187,0.028106976510749924,0.027587023505568502
54,0.02836321900288264,0.02782193459570408,0.02781519126693408,0.02727931712269783
55,0.028010517218046718,0.027698247730731963,0.027500261744525703,0.026970081308484075
56,0.02773645493719313,0.027377358078956603,0.0271732212399443,0.026654385051131244
57,0.027330675630105866,0.02687716469168663,0.026828262974984116,0.026312341192364697
58,0.026977050883902443,0.026523538306355475,0.026465048008991608,0.025962136682868005
59,0.026692478226290808,0.026046772077679633,0.026088738496601583,0.02559399941563606
60,0.02618664172788461,0.02556299142539501,0.02569561759382486,0.025213162484765052
61,0.02582892272207472,0.025274244397878648,0.02529477335926559,0.024821667873859407
62,0.025241510255469217,0.02497602216899395,0.02488408622112539,0.02443106489479542
63,0.02482968615161048,0.024442191421985626,0.024464120969341863,0.024023564112186434
64,0.024448744654655456,0.023742830827832222,0.02403765133967002,0.023613406988978385
65,0.023784084907836383,0.023313162326812745,0.023604799831079108,0.02320272109210491
66,0.02337066123055087,0.022816904485225678,0.023171830927994515,0.022804513975977894
67,0.02275821299188667,0.022244713976979257,0.022742484964927038,0.022396876102685925
68,0.022292545077701408,0.021971691772341727,0.022322069829040104,0.021985452502965925
69,0.021679050309790504,0.021168949753046035,0.021904722086257405,0.021581162405014037
70,0.021160685130291516,0.02081115387380123,0.02149833456608984,0.021202190476655957
71,0.02060196624033981,0.02027678646147251,0.021104472326238948,0.020825025251507756
72,0.02007191065284941,0.01981955736875534,0.020716954572664363,0.02046441934406757
73,0.019607558217313553,0.01937056437134743,0.02034879836373859,0.02012123074531555
74,0.019206553974913228,0.01914791710674763,0.01999261262085703,0.019788894361257553
75,0.018794429231848982,0.01853956140577793,0.01965847350656986,0.019474736595153808
76,0.018407740336325435,0.01821496173739433,0.019341662276122305,0.01917505395114422
77,0.01808810224135717,0.018017909154295922,0.01903945738491085,0.0189070065766573
78,0.017826371246741878,0.018055719882249834,0.018763852742479905,0.018651633289456373
79,0.017629569926195673,0.017630987763404847,0.01850334513038397,0.01841492839753628
80,0.017500138820873368,0.017412657737731933,0.01826598877426651,0.01820260043144226
81,0.01730276136762566,0.017270105630159377,0.018048351483874854,0.018000294816493987
82,0.0171709876259168,0.01740286648273468,0.017854195252723165,0.017834856271743773
83,0.017130494887630146,0.017094407677650452,0.01768298173116313,0.017681571415066717
84,0.01700453438692623,0.017031624391674997,0.017531970324946775,0.017546632257103918
85,0.016982736504740185,0.016983276456594466,0.017401353977289466,0.017432147189974784
86,0.016924279150035648,0.01696583479642868,0.017289848566552,0.017333786273002628
87,0.016888032398290103,0.01712207801640034,0.017193359107275805,0.0172505061775446
88,0.016909405390421548,0.016950125321745873,0.017113353137506383,0.01718682118356228
89,0.01689362237436904,0.01704164646565914,0.017050245764189297,0.017138072934746743
90,0.016893968847062853,0.01692883014678955,0.016997896007696786,0.01709257044196129
91,0.016857970928152402,0.016899282187223433,0.016958589899374377,0.01705409459173679
92,0.016824304088950158,0.01693651482462883,0.01692577667153544,0.017024482479691502
93,0.01685161281790998,0.01691405139863491,0.01689763931416803,0.01700346493422985
94,0.016825144530998336,0.017032986134290697,0.01687436171770096,0.016992431244254112
95,0.016880347091290687,0.01697903245687485,0.016857793527013724,0.016978530564904216
96,0.016826681084930895,0.016903307512402533,0.016844484160674945,0.016969017934799196
97,0.01680650196141667,0.01695743069052696,0.016834030530518955,0.016962078168988228
98,0.016819922948877016,0.01691154144704342,0.01682442212137911,0.01696311018764973
99,0.01679431749300824,0.01706591472029686,0.01681773560841878,0.016962531235814097
100,0.01679427998761336,0.016947436556220056,0.01681404918498463,0.01696129175126553
101,0.016830056003398364,0.01699625551700592,0.0168071573384934,0.016958231323957445
102,0.01677935832904445,0.016880346834659575,0.016800425660444627,0.01695606586635113
103,0.016843718538681666,0.017093823626637458,0.016794730203350382,0.016953527367115025
104,0.01680923923022217,0.016890684962272643,0.016791161883539622,0.016950163179636005
105,0.016796704886688125,0.01688721910119057,0.016786461826165517,0.01694489770531654
106,0.016720821455948883,0.016994263380765914,0.016782069938050377,0.01694159417450428
107,0.016756782858735986,0.017055349498987196,0.016779383379055393,0.01693239707350731
108,0.016797760729160574,0.016856591925024988,0.016771837699578865,0.016926112979650496
109,0.016743193633026548,0.016858130246400833,0.01676678421480788,0.016920164081454275
110,0.016742526276244056,0.017009076923131944,0.016759884568386608,0.016915216434001925
111,0.016757116326027447,0.016951361000537873,0.016756710681981507,0.016910221877694132
112,0.016795871812436317,0.01709109090268612,0.01675274149758948,0.016899809050559995
113,0.016737109228140777,0.01687361463904381,0.01674929386890597,0.01689183943271637
114,0.016725330423149797,0.01698751002550125,0.016743777234521178,0.016881023895740508
115,0.016751582419706715,0.01686536766588688,0.016739613120754563,0.016884807369112968
116,0.016768762932883367,0.016815177500247955,0.016733351503147018,0.01687437147796154
117,0.016706802654597494,0.01680487796664238,0.016727452971869047,0.01689683374166489
118,0.016741815615031453,0.016831463128328325,0.016722225248068573,0.01689341586530209
119,0.016757980556123788,0.016803058609366418,0.01671795587249928,0.016884271064400675
120,0.016691705104377536,0.01682193011045456,0.016713427744888595,0.016872305664420127
121,0.016700343965656228,0.016754585057497023,0.016706654572238522,0.016868965965509415
122,0.01663401080088483,0.0168337395042181,0.016702626548955837,0.016862187922000886
123,0.01674057578874959,0.016786677539348604,0.016697151227047048,0.01684949364066124
124,0.016695087883207532,0.01680559404194355,0.01669027860371603,0.016846554827690124
125,0.016708089270525507,0.016748196110129357,0.016681465760121746,0.016835538560152054
126,0.016692140143778587,0.016725867092609405,0.016678000526378554,0.016828723964095117
127,0.016675255484879015,0.01697493366897106,0.016672845944017176,0.016814820647239687
128,0.01668717809849315,0.016832926347851752,0.016666406262665988,0.016811303031444555
129,0.01666177594827281,0.0174522415548563,0.016658021689868636,0.016803820115327838
130,0.01666601179167628,0.01680177219212055,0.01665334148514602,0.016803892651200296
131,0.016614087066716618,0.01676564335823059,0.01664599617015984,0.016799965384602548
132,0.0166435796684689,0.016756214499473572,0.01663680092203948,0.016811061003804206
133,0.016628431412908765,0.016773099452257155,0.016630621299395958,0.016810903930664065
134,0.016642493050959377,0.016688679158687592,0.016625073021401964,0.016809059941768647
135,0.016605643228524262,0.01669171988964081,0.01662279951017764,0.016800651824474336
136,0.016585300742752024,0.016877890676259995,0.01661470079926981,0.016793903699517252
137,0.01657555072257916,0.016815684214234353,0.016606613726996712,0.016791761815547947
138,0.016650478384561008,0.016703249737620354,0.016599024884982244,0.01678781733512879
139,0.01659646586411529,0.016639927104115486,0.016592064115984573,0.01678390479683876
140,0.016590590385927095,0.01677742727100849,0.0165848526765075,0.01676668829023838
141,0.016559148612949583,0.016628104597330093,0.016576840786718658,0.016762709772586825
142,0.016589797536532083,0.016806691363453866,0.016570519185645713,0.01672624945938587
143,0.016558182740377056,0.01673328146338463,0.016562531872093677,0.01672353494465351
144,0.016528099353114764,0.01708044908940792,0.016555354132254917,0.01671628985404968
145,0.016537214538289442,0.01681800328195095,0.016546462429232064,0.01670783463716507
146,0.016561637015806305,0.016708485335111618,0.016538734578755165,0.01669604543447495
147,0.01657717302027676,0.016623536571860314,0.016530847278071775,0.016692900648713115
148,0.016538108016053835,0.016617974415421486,0.016522551185223788,0.016689792329072955
149,0.016492911076380148,0.016752046942710878,0.01651454868465662,0.016672235822677614
150,0.016518368220163716,0.016649584099650384,0.016508796598182784,0.01665721547305584
151,0.016518120918836858,0.01662805363535881,0.016500311157107355,0.016650410562753674
152,0.016494969497952195,0.016544521003961563,0.016494144015676445,0.016646000352501866
153,0.016486880853772163,0.016733463406562805,0.01648677096317212,0.016632257291674613
154,0.01650373592144913,0.016540733724832536,0.016479159690770837,0.01662389924526214
155,0.016466328952875402,0.01673390932381153,0.016472080952094664,0.016609542059898376
156,0.01643464357074764,0.01658451609313488,0.01646272643448578,0.016601485130190847
157,0.016421287092897627,0.016544834077358246,0.016455758955164088,0.01657323458790779
158,0.016435235150986247,0.016478369385004042,0.01644731816459033,0.016555486574769022
159,0.016445310533874564,0.016610059514641763,0.016436268235329128,0.016545642909407618
160,0.016398240907324686,0.01661401189863682,0.016424780676348342,0.016538107815384864
161,0.01638523822857274,0.016438978016376494,0.01641428096352352,0.016529728111624717
162,0.016431748560733265,0.016440175473690033,0.016404020688848366,0.01651420243382454
163,0.016438342357675235,0.0165331269800663,0.016395197527690065,0.016501033303141593
164,0.016442287328342596,0.016529671847820282,0.01638405985294117,0.01648767517209053
165,0.016406264073318907,0.01643385075032711,0.016372883417954048,0.016477628952264785
166,0.016368866802917586,0.016419153437018396,0.016361410815931027,0.016464087229967117
167,0.016412829069627655,0.016447761729359626,0.016349082781126102,0.016452411776781084
168,0.01632431980015503,0.01653185822069645,0.01633946039337251,0.01643216430544853
169,0.01635391237007247,0.016374185532331467,0.01632913759921988,0.01642327915430069
170,0.016326194773945542,0.016374302953481676,0.01632050398497118,0.01641307001709938
171,0.016285388784276114,0.016462393701076508,0.0163066806881792,0.01641395511329174
172,0.016289984045757187,0.016435159221291542,0.016291006397621502,0.016398789766430857
173,0.016275615195433298,0.016408481821417808,0.016279862020495868,0.016382472816109658
174,0.016236404209501214,0.016363904997706413,0.016266329629305333,0.016371250396966935
175,0.016297789191206297,0.016320355832576752,0.016253071062846316,0.016364521324634552
176,0.01623967905011442,0.01629410035908222,0.01623609730377793,0.0163662447065115
177,0.016215558623274166,0.016293365508317947,0.01622097413217028,0.01634967814683914
178,0.016200065803196696,0.016394920349121093,0.016205709461619457,0.01633592101931572
179,0.016195535051325958,0.016248847395181655,0.016191186149832275,0.016329464277625085
180,0.016225769259035586,0.01622772254049778,0.01617325177780456,0.016311763885617257
181,0.016176573716931875,0.01636238731443882,0.016162564764916895,0.01630247487127781
182,0.016205446736680135,0.016289605647325515,0.016149196576244303,0.016291968601942063
183,0.016089652731186815,0.01650049678981304,0.01613426261312432,0.01627466612458229
184,0.016053453269932006,0.016230925843119623,0.016118277206023532,0.01625443731248379
185,0.016119631479183834,0.01620608814060688,0.016103552894128695,0.016236639776825903
186,0.01604692844880952,0.016158417537808417,0.016091495774686337,0.016224907180666923
187,0.016100284399257765,0.016271948665380478,0.016076673247251247,0.01620700503587723
188,0.016013998380965656,0.016576211526989938,0.016057569741374917,0.01619527446627617
189,0.016064208038151263,0.01611550785601139,0.016038377616306148,0.016198056679964063
190,0.016024647309548324,0.016089922562241555,0.01602263330320517,0.016182356640696526
191,0.01600578400823805,0.016257734894752504,0.01600453206499418,0.016161501884460448
192,0.01596446976893478,0.01600525192916393,0.015985580528444714,0.016143976330757145
193,0.01605714447796345,0.016299632862210273,0.015964019759661625,0.016126471212506297
194,0.01601970765325758,0.016111528798937798,0.015946836857828828,0.01610217291712761
195,0.01595284569594595,0.01594174101948738,0.015924009779757924,0.01607635256052017
196,0.01588575360675653,0.01595667339861393,0.0159096494373348,0.01604284023344517
197,0.01592187624838617,0.015990220829844474,0.015892949916919072,0.016022406074404718
198,0.015974187209374376,0.016115166917443274,0.015871052698956594,0.016003293848037718
199,0.01586584102362394,0.01591635137796402,0.01585556968996922,0.015982746052742004
200,0.015820201544298067,0.016027091592550276,0.015834200864699152,0.015964468455314636
201,0.01575987592339516,0.01636365570127964,0.01581561517202192,0.01592089855670929
202,0.015821950795749825,0.01590086452662945,0.01579136995739407,0.015896598449349403
203,0.015747534847921796,0.015873551443219183,0.01576645481636127,0.01587103352546692
204,0.015721746637589403,0.015810708552598952,0.01574228584153785,0.015835915288329123
205,0.015686750039458276,0.01579009458422661,0.01571967291136583,0.015809599128365513
206,0.015747001171112062,0.015754929929971694,0.015691437523729274,0.01577272683084011
207,0.0156347697849075,0.015644096732139588,0.015664310199022296,0.015743411231040953
208,0.015730644170608786,0.015662688612937927,0.01563620229032305,0.015763745445013046
209,0.015635965259538757,0.015720071867108346,0.01561734752919939,0.015742529967427255
210,0.01557220103012191,0.01572828248143196,0.01558735606537925,0.01571507988870144
211,0.015659853224125175,0.015644722655415534,0.01555895600832171,0.01567699896991253
212,0.015566063767506017,0.015815008729696274,0.015527906263371308,0.015646473211050033
213,0.015549356064034833,0.015486964061856269,0.015499375104076332,0.015626189750432964
214,0.015458077672455045,0.015508005172014236,0.015469888573057124,0.015574490067362785
215,0.015401768783728282,0.015450799465179443,0.015437353896432453,0.01553904732763767
216,0.015401559637652502,0.01537977896630764,0.015404862300720482,0.015501873770356178
217,0.01539914651463429,0.015347347930073738,0.015371926884849868,0.01546754230856895
218,0.015351259787049558,0.015377825424075127,0.015337606467803319,0.015430344375967978
219,0.015341524535583125,0.015378638803958893,0.01530172681874699,0.015389987763762472
220,0.015250147978464763,0.016450096368789673,0.015265320140454503,0.015361675226688385
221,0.015414384578665098,0.015426286458969117,0.015226462066339121,0.01532793244719505
222,0.015172089652882682,0.015303968861699104,0.015186856358415551,0.015288012444972991
223,0.015264185782935884,0.015163143947720528,0.01515158541434341,0.015239910712838173
224,0.015089597399863932,0.015153207406401635,0.015109917145636347,0.015203809550404549
225,0.015106922561923662,0.015520005077123642,0.015067456611494227,0.015148778092861175
226,0.015022712647914887,0.01507116362452507,0.01502490421748824,0.015111180728673934
227,0.015008583880133099,0.015014796033501625,0.014984220144152646,0.015071082118153572
228,0.014935244955122471,0.014944212511181831,0.014941028893904557,0.01502354717850685
229,0.014898361240824064,0.014952422007918359,0.014895000321583618,0.014973797366023061
230,0.014828739613294601,0.014860146269202233,0.014846758083916375,0.014928912848234175
231,0.014850009944703844,0.014746014624834061,0.014799659138338436,0.014875891008973118
232,0.01472460282759534,0.014936283305287361,0.014745389382623967,0.014818436403572556
233,0.014759192317724228,0.01481911912560463,0.014695926642335124,0.014719115194678303
234,0.014645822561449475,0.014722071811556816,0.014639189067400162,0.014664313392341134
235,0.014690427428318395,0.014525739178061485,0.014586146294491158,0.014603028060495852
236,0.014618146506448586,0.014742193594574928,0.01452203346548809,0.014541650645434855
237,0.014504550413952934,0.014439222291111947,0.014464572088668744,0.014484435802698134
238,0.014485546213885148,0.014547029957175255,0.014403745370192659,0.014399563340842723
239,0.01444097583906518,0.014505539909005166,0.014341483712610271,0.014333182723820208
240,0.014321987527526087,0.01426242597401142,0.014280342894958126,0.014277258278429508
241,0.01425084532962905,0.014136033654212952,0.014216009353432391,0.01421468339562416
242,0.014193090572953225,0.014225234985351562,0.014151007656587495,0.014138427697122096
243,0.014173786147601074,0.014052279442548752,0.014088383952776593,0.014062471708655355
244,0.013984780642721389,0.013942273668944835,0.014015657760782375,0.013999738846719265
245,0.014013579471243752,0.013967066146433353,0.013943714944107666,0.013911653374135496
246,0.013995945205291111,0.014056241400539874,0.01386686432419552,0.013826096200942991
247,0.013846020330157544,0.013771835565567016,0.013792984975791643,0.013736858408153056
248,0.013661365057859157,0.013628708571195603,0.013706450633621883,0.013651685512065885
249,0.01365306297938029,0.013722836337983609,0.013623084418392847,0.013552239613234996
250,0.013586254600021575,0.013398193530738354,0.013539682948837681,0.013462661635875702
251,0.013466171208355162,0.013411648198962211,0.013451082247247302,0.013373589529097079
252,0.013480063438829449,0.013616684898734093,0.013360939416537685,0.013273420512676238
253,0.013326906416979102,0.013379840441048145,0.013269901355604333,0.013173469683527946
254,0.013273318819701672,0.013046029545366765,0.013169180845386454,0.013072888708114624
255,0.013263147018022007,0.01296124655753374,0.013070728220542274,0.012979608663916587
256,0.013031855144848427,0.01317769307643175,0.012963821382158335,0.012872764061391354
257,0.012926032410727607,0.012734146490693092,0.012860431012511254,0.012759840235114098
258,0.01283792681992054,0.012680189795792102,0.012751029572553108,0.012671406948566437
259,0.012798838851352533,0.012491126991808415,0.012643865655693743,0.012543942932784557
260,0.012527068874074353,0.012396416775882244,0.012525270958327585,0.01241720348596573
261,0.012533991125722727,0.012256046123802662,0.012406159952531259,0.012294858561456203
262,0.012419513675073783,0.012199772857129573,0.012295285450832713,0.01217035955488682
263,0.012270528674125671,0.012320227287709713,0.012167075270000433,0.012055892243981363
264,0.012187405071324773,0.012001314498484135,0.012045422475288312,0.011914730447530749
265,0.012046036004192299,0.011763655245304108,0.011907462504009406,0.011760472586750986
266,0.011732832574182086,0.011621509268879891,0.01177317907611529,0.011611380000412464
267,0.011731774951848718,0.011893233880400658,0.01162933718326191,0.011473587957024575
268,0.011501115188002587,0.011381164379417896,0.011480917569953536,0.01135040009021759
269,0.011400021401544412,0.011119178012013436,0.01133132541415592,0.011189803686738014
270,0.011278543472290039,0.011756233982741832,0.01118062196046942,0.011031875498592853
271,0.011316847283807066,0.01086964100599289,0.011029116025442879,0.010866456520557403
272,0.01088115289600359,0.010603349395096303,0.010868790410334866,0.010728127245604992
273,0.010683589912950993,0.01057008545845747,0.010708011496025656,0.010556421861052514
274,0.010881200436916616,0.01061036117374897,0.010538457684839766,0.010391703434288501
275,0.010381000079214574,0.01053651075810194,0.010373140295305186,0.010242851016670464
276,0.01042485134055217,0.009882603287696839,0.01020209759519332,0.010052003161609173
277,0.010031064156856801,0.009760238379240036,0.010026120717533761,0.00986285678818822
278,0.009969820719626215,0.009652525782585145,0.009841261793010765,0.009676196255534886
279,0.00967727149836719,0.009601228460669518,0.009661488714979755,0.00948422921821475
280,0.00955265668531259,0.009881549887359143,0.00947884198286467,0.009303024116903544
281,0.009292051249908076,0.009162782989442349,0.009293249225202534,0.00916498500853777
282,0.00915844606856505,0.008785941787064076,0.009119421548561917,0.008977493980526925
283,0.009050278444257048,0.008544715344905853,0.008928287018587193,0.008754762648046017
284,0.008790698473652204,0.009032895117998123,0.008729191309710343,0.008553058703243733
285,0.008507596016344097,0.008103782162070274,0.008545927314129143,0.008360481026023625
286,0.008295145846075483,0.008138085454702378,0.008360682317697342,0.008159344273805618
287,0.008286578936709298,0.008478462416678666,0.008151301615354087,0.007949577824026346
288,0.007994461171329022,0.0075490309111773965,0.007954738176407085,0.007729710068553685
289,0.0077879831298357915,0.0072726551629602905,0.007751346747121877,0.0075413698688149445
290,0.0074245628911174,0.007097141928970814,0.007554253076555002,0.007343294435739517
291,0.007238505623406834,0.0068223333358764645,0.007359815714880825,0.0071390983983874315
292,0.007165606648971637,0.007363106347620487,0.007163075676560402,0.006934347428381442
293,0.006861296246449153,0.007930186670273542,0.006964614520925615,0.00670351385474205
294,0.007054329485528999,0.006431902311742305,0.00676793027797507,0.006502550007030367
295,0.006500180222921901,0.006187950670719147,0.0065757652702844805,0.006303560644760727
296,0.00633945456188586,0.0058270423859357835,0.0063926747080766495,0.0061164638716727495
297,0.006299553006473515,0.0057889074645936485,0.006200576095696953,0.005894744194671512
298,0.006052465002155966,0.005541666653007269,0.006013886586907837,0.005711225453764201
299,0.005646682878335317,0.005366199929267168,0.0058284252101348496,0.005532409301772714
300,0.0054669141055395205,0.005039816871285439,0.0056434551477846165,0.0053253931786865
301,0.005340065608421962,0.0051740982942283156,0.005459411333584123,0.005150999258458615
302,0.0051037223926848835,0.004808352552354336,0.005279913321572045,0.004977563978359104
303,0.0051088866777718065,0.004547624848783016,0.005109593588548401,0.004820173701271416
304,0.004758770540356636,0.00448245421051979,0.004944409749222297,0.004654603119380773
305,0.004591127794442905,0.004110710546374321,0.004781001027570002,0.004475789573602379
306,0.004374945176144441,0.004138686796650291,0.004620468128741615,0.00425645405817777
307,0.004354320876300335,0.0038112077303230764,0.00445891432143334,0.004095450480096042
308,0.004473014389061266,0.003867296017706394,0.004307665908088287,0.0039578808715567
309,0.003988233164159788,0.0034899031929671765,0.004158773097602858,0.0038167923619970676
310,0.0038403582966162098,0.0035158136393874883,0.0040077274246969165,0.003674054296687245
311,0.0036586114267508187,0.0036676816549152135,0.0038694890417365567,0.0035400375889614224
312,0.003662327377953463,0.0033030593395233154,0.003742678204489251,0.003421417525410652
313,0.0033933658163166707,0.0031891829054802655,0.0036202480716630817,0.003300428971089422
314,0.0033005328295338484,0.002936773160472512,0.0034990328369041285,0.0031724192567169664
315,0.0031665695655263134,0.0031623850017786026,0.003387163878439201,0.003057980095408857
316,0.003108909640254246,0.0026830687886103986,0.0032749922826265294,0.0029534661009907727
317,0.003080388607664241,0.0028927677031606435,0.0031742201954540273,0.0028796568706631665
318,0.002847973775739471,0.0024467987846583127,0.0030857398646159306,0.002790872303768993
319,0.0030154843028220866,0.00240681285969913,0.002998602921184566,0.002700906889792532
320,0.002718969889295598,0.0027487104572355746,0.0029120710826375422,0.0026249640014953915
321,0.0026171342997501294,0.0022998296469449995,0.002817841730753167,0.0025435865561477845
322,0.0025234111838249697,0.002220455831848085,0.0027442360992957324,0.0024794074079021815
323,0.0025965054281469847,0.0021912489598616956,0.002673804492182616,0.0024272757429629564
324,0.002476411947152681,0.002400698340497911,0.002609717759872891,0.0023615675780922175
325,0.0024061607848852875,0.002015103013254702,0.002546292320462979,0.0022997440253384412
326,0.00230968473944813,0.0019738554349169133,0.0024965337581622105,0.0022410383490845554
327,0.0023069984310617048,0.0019473735196515918,0.0024502706196262605,0.0021967493051663033
328,0.002304596782455014,0.0019347749883309006,0.002405633413450172,0.0021442568482831115
329,0.0022394683610440958,0.0026372234523296357,0.0023634403474835884,0.0021059294177219272
330,0.0023791195234904687,0.0018910963740199804,0.0023227161953225735,0.002065045484527946
331,0.002196521590360337,0.001889551447238773,0.002289474603181912,0.0020368532766588034
332,0.0021910249126247234,0.0019126355228945612,0.0022495869064289666,0.002009580676071346
333,0.0021172805919518903,0.0018328598840162157,0.0022216077092207147,0.0019814532891847198
334,0.002148092377723919,0.0018854244868271052,0.0021991587773172398,0.0019732146740891045
335,0.002079568118788302,0.00221252201590687,0.002179877564828429,0.0019529374857433144
336,0.0020564431190076803,0.002024977533146739,0.002154575635699762,0.0019360445382073524
337,0.002076691392705672,0.0017574705206789077,0.0021394668875676062,0.0019240201680921021
338,0.0021494017587974667,0.0017215409991331399,0.0021226602354190416,0.0019120773406699303
339,0.0021439543661351005,0.0018295470625162124,0.0021127017087199623,0.0019144234510138636
340,0.0020506394111240904,0.001850073579698801,0.002101276813488868,0.0019035689281299713
341,0.0020540829910896717,0.0017248830245807766,0.0020861729420928493,0.0018936323686502877
342,0.0020622848036388557,0.0018706693733111025,0.0020742860349516074,0.0018648364554159345
343,0.0020169339722229374,0.0017419935879297555,0.0020606540011655957,0.0018576539557427166
344,0.002018291883998447,0.0017249978450126946,0.0020509229194993783,0.001854398236144334
345,0.0020194899590892925,0.0020455257850699126,0.002044222717401055,0.0018455414260737598
346,0.002055911002163258,0.002093864269554615,0.0020370002897766733,0.0018403120698407293
347,0.002041380871604714,0.0017135261232033372,0.0020291544037457144,0.0018340929011814299
348,0.0019639571999303168,0.0017689252714626492,0.0020248640862603985,0.0018116730196401478
349,0.0020986932438487806,0.002100089087616652,0.0020191995854386023,0.0018474411154165865
350,0.0019859944811711707,0.0017165323277004063,0.0020197941355821155,0.0018507114278152584
351,0.002060721571971145,0.0020325081935152413,0.002010608210269775,0.0018577489168383182
352,0.0020213760502843393,0.0016760104475542902,0.0020018117195409204,0.00185809773625806
353,0.001926999997554554,0.0016863610013388096,0.001995906546132432,0.001851107363495976
354,0.0019422956825130516,0.001917325621470809,0.0019893964608820773,0.0018476389158517126
355,0.002038318678840167,0.001711533882189542,0.0019847463302624722,0.0018405471946112814
356,0.001953244548704889,0.0018081584572792054,0.0019789125676266846,0.001844398626871407
357,0.0020235198601666424,0.0016912152711302043,0.0019754286269450354,0.0018402911586686969
358,0.0019367199013423588,0.001702125978190452,0.0019694038353342976,0.001839403050672263
359,0.00195194522694995,0.001729945270344615,0.0019635423111108445,0.001833462777081877
360,0.0019723101816554035,0.001652024977374822,0.001955817858450529,0.0018311924771405757
361,0.0019148305984627869,0.002919179927557707,0.0019594221404443182,0.0018246871738694611
362,0.002091555146293508,0.0018392283306457103,0.0019512590799687637,0.001821390629000962
363,0.0019197536259889603,0.00189747822470963,0.0019459632856978313,0.0018231257958337666
364,0.0019240420979137222,0.0018382675480097532,0.0019393338579270579,0.0018238483065739278
365,0.0019030100759118795,0.0016753142606467009,0.0019344128616982038,0.0018288405185565356
366,0.00189133085983081,0.001638171833474189,0.001934182969418665,0.001842506937962026
367,0.001946031538148721,0.0016933763423003256,0.0019300635970715021,0.0018356656930409376
368,0.0018710899063282542,0.0018382793944329023,0.0019250770746005908,0.0018579492485150696
369,0.0019311933669572076,0.0016223111399449408,0.0019230116326775818,0.001860279487911612
370,0.0018688701688208513,0.0020233230851590634,0.001916216950842904,0.0018576779135502876
371,0.001909372896576921,0.0019453574297949672,0.0019129212442371586,0.0018738800792954865
372,0.0018482695550968249,0.0016567686246708035,0.0019116606293867035,0.0018938948608003556
373,0.002054064249775062,0.0016062926896847785,0.0019077285454608503,0.0018903131850063798
374,0.0018946167319599126,0.0020176754659041764,0.0019032188553880487,0.0018612587396055458
375,0.001853599624397854,0.0017599114985205233,0.0018961192916975257,0.0018539472365751862
376,0.0018949858777018056,0.002050570962019265,0.001893994314834062,0.0018420025930739937
377,0.0018983511445629928,0.0018008157471194864,0.00189065431692741,0.001843823743890971
378,0.0019212526905660829,0.002028021486476064,0.001886274426813341,0.001843013426102698
379,0.0018393113738339809,0.0017462944984436035,0.001886179595450974,0.0018409157285466794
380,0.0019136556170673833,0.0022686227690428495,0.0018829616849310696,0.0018418327017687263
381,0.0019016085006296635,0.0018664144421927631,0.0018792750716933773,0.001852480103913695
382,0.001853652814299696,0.0016261759120970965,0.0018740436142000057,0.00186521954163909
383,0.0018543272361987166,0.0021071801218204202,0.0018729125197666386,0.0018492368563078347
384,0.0019204298556885786,0.0022303148079663515,0.0018667179707334272,0.0018329773511737589
385,0.0018740080835090744,0.0015624830825254322,0.0018629802872633765,0.0018322020151652397
386,0.0018020883466427526,0.0021928187925368547,0.001852206422305769,0.0018304910411126914
387,0.001914066054030425,0.0016564407548867166,0.0018485959763121272,0.0018294366181828086
388,0.0018666292044023673,0.0015988621371798217,0.0018460520684512125,0.0018232659204863015
389,0.0018405421502474281,0.0018837963184341788,0.0018416022697670589,0.0018095176124013962
390,0.001793512823060155,0.0016550563159398735,0.00183967358664506,0.0018131107300519945
391,0.0018889600757716432,0.0015857293945737182,0.001836427008215752,0.0018016075739637019
392,0.001865583775151107,0.0017163006728515028,0.001832476877876454,0.001799482075870037
393,0.001778924575385948,0.002104464448057115,0.0018353584790084924,0.0017896801938302813
394,0.0018004069296229217,0.001940797083079815,0.0018283931411078405,0.0017750580352731045
395,0.00184059280798667,0.0016237559518776834,0.0018273718731063936,0.001771420123707503
396,0.0017545091707466378,0.0015388698014430701,0.0018204326855432655,0.0017469692062586544
397,0.0017548274683455627,0.0016373852244578302,0.001813242279489835,0.0017231427796185015
398,0.0017847176258348756,0.0015635183383710682,0.0018071614007569025,0.0017199391179718076
399,0.0018043555821188621,0.001991314892657101,0.0018018836824223404,0.0016928438949398695
400,0.0017900019278749824,0.0016056440561078489,0.0017912925544298357,0.001692391855083406
401,0.0017837409105979733,0.001706863259896636,0.0017844467201787568,0.0017050183684565127
402,0.0018501340665130152,0.0018906436883844434,0.001778268356393609,0.001692414185311645
403,0.0018400882298333777,0.0017404425842687489,0.0017742942519899875,0.0016929351357743141
404,0.0017405581153515312,0.0016931570461019873,0.0017700716720169618,0.0016905149489641188
405,0.0019856956453683477,0.00202357571804896,0.0017624831379287774,0.0016999840999953448
406,0.0017274750531133679,0.0015008604782633483,0.0017608104624061121,0.0016813980267383157
407,0.001828121114263518,0.0015352281229570508,0.00175332798483885,0.0016719350057654082
408,0.0016808475471205182,0.001495907185599208,0.0017488846192550327,0.0016662546056322753
409,0.001740669704352816,0.0016346541419625282,0.0017510590602747267,0.0016731763474643231
410,0.001721986115185751,0.0014823915413580836,0.0017499335718858574,0.0016681051537394524
411,0.0016701453882786964,0.0015154382167384029,0.0017442443145645988,0.001672725267428905
412,0.0016492878542178208,0.0016451397584751248,0.001741663801856339,0.0016721876435913147
413,0.0016954833481253849,0.0019145249715074896,0.0017365265862188408,0.001668257692269981
414,0.0016860830556187365,0.0015686917398124933,0.001729178233537823,0.0016579625787213443
415,0.0016941602129696145,0.0016680800775066018,0.001723896875511855,0.001640156473312527
416,0.0017833955764460067,0.001525224724318832,0.0017212783716308575,0.0016321665783412755
417,0.001675870422946496,0.001953029448632151,0.0017173044844530528,0.0016236365575343372
418,0.0017371076873193185,0.0016398126166313886,0.001700703555076487,0.0016057077659294011
419,0.0016133449904413687,0.0017042215587571264,0.0016957348266409505,0.0016039034195244313
420,0.001729508668391241,0.00148174594854936,0.0016864475475313766,0.0016021515379659832
421,0.001808870196238988,0.0017119133472442627,0.0016832798137329519,0.001600830360036343
422,0.0017266902586238252,0.0015106053813360631,0.0016833192730839883,0.001600050627812743
423,0.0016424861928034159,0.0016790211806073784,0.0016758563105948273,0.0015997024888172748
424,0.0017398427644123634,0.0019778742967173457,0.001672458879152934,0.0015988733193837107
425,0.0016615715369375215,0.0015073952730745078,0.0016712431026001773,0.0016172805712558328
426,0.0016000320935725338,0.0014494854211807252,0.0016677844506584937,0.0015980888796970245
427,0.0017181001158638133,0.0014454910531640052,0.001661492804127435,0.0015967708130367097
428,0.0017746256328084404,0.0015406952099874616,0.0016551104965102342,0.0015904940249398347
429,0.0016412109359064035,0.001479906525928527,0.0016479597434918914,0.0015981658075936136
430,0.0015706724109542038,0.001575355927925557,0.0016443355506699947,0.0015813869420439
431,0.0016032568422249622,0.001455751818139106,0.0016383516107168461,0.001582303889468312
432,0.0015959391365241674,0.001491431083995849,0.0016416915024527244,0.0015777013760991392
433,0.001601654202159908,0.0014628777373582125,0.001635573999087016,0.0015808982798829673
434,0.001741656188128723,0.0016151608363725244,0.0016283809976445306,0.0015856851896271108
435,0.0015354120529567203,0.001473688066471368,0.0016232290807076627,0.0015864894322119652
436,0.0015852096022313667,0.0014947089808993042,0.0016199159193680517,0.0015744167642667887
437,0.001618893440398905,0.002105321055278182,0.0016104142854507597,0.0015561517440713943
438,0.001609017049583296,0.0014347326825372875,0.0016073182643805111,0.001555306002497673
439,0.0015287918923422694,0.0015357400733046233,0.0016035777159242165,0.001554641227144748
440,0.0015346025225395957,0.001511160375084728,0.0015950343579053876,0.0015514664987102153
441,0.001604626750987437,0.001717019290663302,0.0015858551097619863,0.001545674970466644
442,0.0015852656023990777,0.0015335578098893165,0.0015811903237882585,0.0015496262535452847
443,0.0015875091884906094,0.001662736302241683,0.0015785110087444382,0.0015540159287862484
444,0.001696842283838325,0.001589158724527806,0.0015761687477636667,0.0015503454593010248
445,0.001576571084248523,0.0015616685431450606,0.0015713291911718743,0.0015617160902358595
446,0.0016290451601768533,0.00183158609084785,0.0015694871191866695,0.0015594473343342548
447,0.001597892335202131,0.0015307114459574222,0.0015591265324813625,0.0015624168324284257
448,0.0015596571593131457,0.0013772044819779694,0.001558747316017333,0.0015598165274597706
449,0.0015023019164800643,0.0015212487918324768,0.001558642283692542,0.0015644758584909145
450,0.0015841710101813077,0.0014862517337314784,0.001553782070852402,0.0015348646046593787
451,0.001506518382165167,0.0014328660373575984,0.001548847997478313,0.0015306994553655386
452,0.0015045161653930942,0.0013661228423006832,0.0015440867540943953,0.0015251402545720337
453,0.001545144429223405,0.0013959070038981735,0.0015386358761746023,0.0015265538482926787
454,0.001524591286563211,0.0015786886028945446,0.001533332407164077,0.001512955220229924
455,0.001503689534858697,0.0016850978089496494,0.0015327332103004059,0.0015109115591272714
456,0.001544700317705671,0.0013639900810085237,0.001525742489347855,0.0015072761232033372
457,0.0014749502217293613,0.0017756968573667108,0.0015151033720105056,0.001497835032828152
458,0.0015556024025297826,0.0014061588398180903,0.001509474626255946,0.0014900799504481254
459,0.0014826415204960439,0.0016893982887268067,0.0015025129188162587,0.0014790825188159941
460,0.0015259316413559847,0.0014086804422549903,0.0014950915409562488,0.0014712493903003632
461,0.001582583794111593,0.0016111922566778957,0.0014893969516166382,0.001486111390590668
462,0.0014973881193954084,0.0013650397094897926,0.001484971611563944,0.0014784149513579906
463,0.0014856652152310643,0.0013306039501912892,0.0014796590193588701,0.001485511792451143
464,0.0014097608077443308,0.0013967600534670055,0.001476531184764786,0.0014876177920028568
465,0.0013983305745447676,0.001546500218100846,0.001473232500989818,0.00148906818497926
466,0.001472040025724305,0.0013770535890944302,0.0014687600826948056,0.0014875806448981165
467,0.001570285680807299,0.0014824662823230029,0.0014646652497868572,0.0014800989405252037
468,0.001412741164676845,0.0015718504041433335,0.0014593988928219511,0.001468180394358933
469,0.0014308643504045903,0.0013531314651481806,0.0014545763308078878,0.001467779919411987
470,0.001435852440384527,0.0013677914836443962,0.001450897298546301,0.0014531968377530576
471,0.0014550024741846654,0.0015566503000445664,0.0014422198101878166,0.0014545981933362783
472,0.0014123578887018894,0.0013348832330666483,0.0014381005167340237,0.0014380356738343837
473,0.0014172924258228805,0.00174875448923558,0.0014318996664343608,0.0014357370648533105
474,0.0013916684151627124,0.0013288378110155464,0.0014232588924364081,0.0014246366173028945
475,0.0014513562050544554,0.0016636727610602974,0.0014188459922559555,0.001429491702374071
476,0.0014283225173130631,0.0014855160261504352,0.0014162841834852262,0.0014280067334882915
477,0.0014220490710188944,0.0014023826667107643,0.0014145949211282031,0.001433936670050025
478,0.0014333339718480905,0.0013587185018695892,0.0014123745426018206,0.0014232670303434133
479,0.0014222204638645053,0.0013916459935717285,0.0014072256301322743,0.0014184445489197968
480,0.0013720306107360455,0.001387134154792875,0.0013975245698769057,0.0014162031491287053
481,0.001424136267354091,0.001353978207334876,0.0013967685207414132,0.0014082415098324419
482,0.00138297441518969,0.0014111198158934712,0.0013946569407876166,0.0014099671831354498
483,0.0013386651935676733,0.0014411927293986081,0.0013918300312943757,0.00140626841140911
484,0.0013796591841512256,0.0012753353011794389,0.0013881715341367653,0.0013974274662323296
485,0.0013709103838644094,0.0013512152177281678,0.0013860794676467771,0.0013979200470261275
486,0.0013665644441627795,0.001333681067917496,0.0013836853071840269,0.0013821572931483391
487,0.0013870656148840983,0.0014864168362691999,0.0013794697274246977,0.0013981993257999423
488,0.0014216199959628283,0.0012934797280468046,0.001374590132023311,0.0013881117013283073
489,0.0013675292488187552,0.0015450084675103426,0.0013727823663813369,0.0013805498479865493
490,0.001342821111385193,0.0012797592254355549,0.0013731568731678025,0.0013850020281970501
491,0.001343317213985655,0.00125649155350402,0.0013671920090396368,0.0013911940849386155
492,0.0013277591744230853,0.001426431287545711,0.0013619393613810338,0.0013900810637511312
493,0.0013938399362895225,0.001372809421736747,0.0013594156938708491,0.001384365615900606
494,0.0013780748515596821,0.0013962732977233828,0.0013554934393407568,0.0013806194009259344
495,0.0013651797030535008,0.0012753221904858946,0.0013512098354494404,0.0013730536189861596
496,0.0013635400452444123,0.0013356266706250608,0.0013494218923254973,0.001372524383943528
497,0.0013600562264521917,0.0013471977529115975,0.001345592431527459,0.0013770747176371516
498,0.0013574384142541224,0.0013546856422908605,0.00134023048048839,0.0013765541967935863
499,0.0012862789211794735,0.0017298886273056269,0.001343525705124355,0.0013797051590867344
500,0.0013293663200197947,0.0014114821492694318,0.0013410276900045575,0.0013929150183685129
501,0.0013831283762637111,0.0012964696926064789,0.001335451058132781,0.0013925784838385883
502,0.0014314117406805356,0.0015136871719732881,0.0013321095751805435,0.0013812057301402095
503,0.0012842123686439462,0.0015135199204087256,0.0013297691429758236,0.0013790918098762633
504,0.0012909042723994288,0.0013638204638846219,0.0013263032605147196,0.0013777782047167421
505,0.001308938922981421,0.0012442479585297406,0.0013236577580889894,0.0013700410714372992
506,0.001326079904101789,0.001260322832968086,0.001321137501144161,0.0013667980561032891
507,0.0012758843179067805,0.0012219752673991024,0.0013190677469596271,0.0013589085976593196
508,0.0012939666154690914,0.0014279618533328175,0.0013129392077215018,0.0013567426858469844
509,0.0012839226642002662,0.0013890936435200273,0.0013089314443990592,0.0013532959620468318
510,0.0012368616078876787,0.0013382021966390312,0.0013046006643937695,0.0013518444863148034
511,0.0014489450600619117,0.001412455125246197,0.0013016981033401357,0.0013499562556855379
512,0.001324615236889157,0.0018166633183136582,0.0013047140586086446,0.0013286270035430788
513,0.0012822041991684171,0.0012850663647986948,0.0013011705397731727,0.001324839980434626
514,0.001283992175012827,0.0012606896250508726,0.0012987525993958114,0.0013213972728699445
515,0.001284310306267192,0.0012269112188369035,0.0012915138060640957,0.0013271702124737204
516,0.001256670152458052,0.0012236514245159923,0.0012894146229140459,0.0013238757284358142
517,0.0012616216137798296,0.0012330029555596411,0.0012872804922155208,0.00132039046427235
518,0.0013308335126688082,0.001291734038386494,0.001285442033668773,0.001322300112899393
519,0.0013263309969463281,0.0011990368366241455,0.0012802123522696399,0.0013218671292997896
520,0.0012119662221003738,0.0012211743951775133,0.0012784114863413076,0.0013246163486503064
521,0.0012633459621833431,0.0012494585756212472,0.0012756333037176068,0.0013187338197603823
522,0.0012517867263199555,0.0013109108596108853,0.0012735379206430585,0.0013138362688012422
523,0.0012848743879132801,0.0013074798765592276,0.0012736722262990145,0.0013112144751474262
524,0.001361677802892195,0.001196657323744148,0.0012653890460315679,0.0013336247344501316
525,0.0012407783491330015,0.001316806571558118,0.0012626751086985072,0.0013263003062456847
526,0.00132267986682968,0.0012104020034894346,0.001259328368244072,0.001325217432063073
527,0.0012504419073876406,0.0016580106620676816,0.0012550720888707372,0.0013239372164942326
528,0.0012317327898927033,0.0014311578194610775,0.0012525237252832286,0.0013245034418068826
529,0.0012375510049362978,0.0012766888597980143,0.0012493322549491292,0.0013266838451847435
530,0.0012629774593127272,0.0012919891742058098,0.0012473282336464358,0.0013338657006621362
531,0.0011953378691234523,0.0012494982429780066,0.0012435416355418662,0.0013301745930686594
532,0.0012308626696984801,0.0012907057511620224,0.0012406743374653159,0.0013343019486404958
533,0.0012245120498765674,0.0012808986310847105,0.0012391613928808105,0.0013363112256862227
534,0.0012315380873365535,0.001266654869541526,0.0012378748567360971,0.0013345149375498298
535,0.0012402192492865854,0.0012726573552936315,0.0012373890240366264,0.0013296551554463807
536,0.0012418655533757476,0.001972711607813835,0.0012332720854423113,0.0013268034421838823
537,0.0012567668035626412,0.0016335526132024824,0.0012293346646138365,0.0013262608882971111
538,0.0011985356878075335,0.0012579945102334023,0.0012265809618350533,0.0013221267404034736
539,0.001177585190679464,0.00122868423582986,0.0012214275679758024,0.0013231000897474588
540,0.001220601216579477,0.0012410668516531587,0.0012203425085792938,0.0013089916935190558
541,0.0011768833941055669,0.001278161508962512,0.0012210939554911518,0.0013088307559490206
542,0.001211521081212494,0.001412549342494458,0.0012182707267813385,0.0013045086233876646
543,0.0012361685600545671,0.0011994563485495746,0.001214502493261049,0.0013083119763992728
544,0.0012546485450325741,0.0013022207259200513,0.0012141263485472235,0.0013054168700240552
545,0.001174142607487738,0.0012714063213206828,0.0012127639596867892,0.0013020083479583261
546,0.0012311825585655041,0.0012045513722114265,0.001213235173198498,0.0013022802257910372
547,0.0012396409088331793,0.0011894163070246576,0.0012107170802437598,0.0012991412783972917
548,0.0011819509230554103,0.0012361870449967682,0.0012098738017336777,0.0012947494187392295
549,0.0012632422821803224,0.001183093476574868,0.0012069557903437978,0.0012637121526524427
550,0.0011719357796634237,0.0012134528742171824,0.0012040439622269736,0.0012472923856228588
551,0.001193845020348413,0.0012347357370890678,0.0012050095606802235,0.0012461866370402277
552,0.001223315422474924,0.0013053007563576101,0.0012048140674829483,0.00124381871400401
553,0.001250518962689158,0.001427134380210191,0.0012062756684608756,0.001243406892195344
554,0.0011669702871909572,0.0011686355457641185,0.0012055887753868266,0.0012396996170282364
555,0.0011687716213054954,0.001387072999496013,0.001204122540064984,0.0012353592757135632
556,0.001185934251277811,0.0011771205835975707,0.0012037585920654237,0.0012373355558142067
557,0.0011968029481876227,0.0012054926995187997,0.0012016627654847173,0.0012317026430740952
558,0.001236292387669285,0.0012876955769024789,0.0012019822276300857,0.001233493131771684
559,0.0011685857634680967,0.0011881811846978963,0.0011995782389098571,0.001232170744240284
560,0.001219137286534533,0.00116286086384207,0.001196126955168115,0.0012314975884743036
561,0.0011689152686287546,0.0011967799556441604,0.001195348278588305,0.0012306421724148098
562,0.0011839711006420353,0.0012230584374628962,0.0011913062022067607,0.0012338882548734548
563,0.0012226756491387884,0.0012303507956676184,0.001190241677241607,0.0012314192464575172
564,0.0011726978607475758,0.0011694861599244176,0.0011893051535305052,0.0012367657721042633
565,0.0012571412410276631,0.0012307713064365088,0.0011883956389708652,0.0012350320019759238
566,0.0011597110672543446,0.0011854796297848225,0.0011843266902698412,0.001225392744038254
567,0.00117486519816642,0.0013040408096276223,0.0011842664464790788,0.0012287254794500768
568,0.001227069860065563,0.0012488633510656655,0.0011831126232217583,0.001220217130240053
569,0.00120225288051491,0.0011613979074172676,0.0011817662795695165,0.0012222739455290139
570,0.0011821291611219446,0.0013161685387603939,0.0011821867956779896,0.0012238894302397966
571,0.001171082840559797,0.0011714916839264333,0.0011774140318545202,0.0012193835411220789
572,0.0011533588152896198,0.0011725874128751456,0.0011772057267888968,0.0012202222915366292
573,0.0011624840085601642,0.0012148016435094178,0.0011746969656604863,0.001229703755769879
574,0.0011621903726417157,0.0012642455380409956,0.001176159687862835,0.001229640599526465
575,0.0011453226555345787,0.001151727663818747,0.0011749078021333036,0.001234729355853051
576,0.0011704319275708662,0.0013683988782577216,0.0011719318513706738,0.0012333720158785584
577,0.0012005775584839284,0.001261956503149122,0.001171069554151553,0.0012331893745809793
578,0.0011487952451635565,0.0011861529317684471,0.0011673575349203825,0.0012344959137029945
579,0.0011654641924219,0.0012519539310596884,0.0011685756067072763,0.0012331046959385276
580,0.001139926039872484,0.001174364269245416,0.001166764815353478,0.0012283617452718315
581,0.001152275659971767,0.001228540965821594,0.0011635057816644096,0.001229088221583515
582,0.0012073158508994514,0.001245879817288369,0.0011616191677593936,0.0012313835961744184
583,0.001116973292082548,0.0011750483489595355,0.0011626493787548196,0.001230216060951352
584,0.0011633781368275069,0.0012091499450616538,0.0011636263182852418,0.0012287074077874422
585,0.0011564182583242654,0.0013998974696733057,0.0011624657260926646,0.0012336775703355673
586,0.0012054833236874805,0.0011952010495588183,0.0011604861646321498,0.0012343673544935884
587,0.0011526739574037493,0.0013502773456275463,0.0011619003765026314,0.0012325255019590262
588,0.0011482768800730506,0.0011964172963052988,0.0011617375483270733,0.0012336305476725105
589,0.0011511404302695558,0.0011649201274849474,0.0011614233088524393,0.0012260527418926363
590,0.0011643407602484027,0.0012634347844868899,0.0011580240493588565,0.001223378731682897
591,0.001190162861926688,0.0011506991856731475,0.0011589334051590413,0.0012292399249039592
592,0.0011295954143214558,0.0011854670429602265,0.0011600130087747757,0.001226561320945621
593,0.0011455940178388524,0.0012670252588577568,0.0011607947027155508,0.001226312448922545
594,0.0011550875328895118,0.0012187822721898556,0.001163239141155241,0.0012271225350908939
595,0.0012078844360075892,0.0012869801581837238,0.0011616043664049356,0.001226731789391488
596,0.0011955063288203545,0.0011337753548286856,0.0011635058275786126,0.0012317599312402312
597,0.0011243440104751951,0.0012968414765782655,0.001161687550921407,0.0012325995022431017
598,0.0011129949720472924,0.001232046247459948,0.0011607979821248186,0.0012247112867422403
599,0.001197545669403755,0.0012181992246769369,0.0011577356211841107,0.0012232222359627488
600,0.001141251951145629,0.001179353806655854,0.001157101314007822,0.0012149541999213398
601,0.001162575940705008,0.0011789537337608636,0.0011566920133204098,0.0012140092585235837
602,0.001115596071144359,0.0011951062479056418,0.0011569742913668355,0.0012145962545648218
603,0.0011715291401681802,0.0013326827622950077,0.001157493248488754,0.0012095384324900807
604,0.0011924542828152577,0.001184988832101226,0.0011545511480731269,0.0012122653431259098
605,0.0011594683883918656,0.0011681424686685205,0.0011569492308215962,0.001212332227267325
606,0.001213386620964027,0.0012487931200303138,0.0011591669754849538,0.0012075918668881058
607,0.0011664464821418126,0.0012361111748032273,0.0011591087658682632,0.0012091058044694364
608,0.0011645098214244677,0.0013007518951781093,0.0011565822230341534,0.0012224176570773126
609,0.0011179212203973696,0.0012301392201334237,0.0011549683348482682,0.0012222948959097271
610,0.0011341790384095576,0.0012026920821517706,0.0011561562911917764,0.0012158056024461988
611,0.0011289243001697791,0.0011579747800715267,0.0011560231877283916,0.0012123068810440602
612,0.0011368162779965335,0.0011435764445923268,0.0011550932829371755,0.0012091985674574973
613,0.0011380443628877402,0.0011727937613613903,0.0011538388793874118,0.0012086776047945025
614,0.001158197381430202,0.0011795950285159052,0.0011523038726506962,0.001207804110273719
615,0.0011773146882963677,0.0011369892326183618,0.0011530789213099828,0.0012069666922092438
616,0.0011166103515360092,0.0012188719515688717,0.0011518262165546831,0.0012020893462002277
617,0.0011895474830331903,0.0011871391464956104,0.0011500821788847032,0.001240609705634415
618,0.0012010376344227956,0.0011485162493772806,0.001154614571062848,0.0012401501310057939
619,0.00115363229247224,0.001256630711723119,0.0011507552306633444,0.0012489697410725056
620,0.0011447208651548459,0.0016197764733806254,0.001150378562597972,0.0012461752022616564
621,0.001155159124173224,0.0011307063256390394,0.0011519083708886886,0.0012401035689748824
622,0.001154042919062906,0.0011346091399900616,0.0011528605914415998,0.0012375006328336896
623,0.0011096673854626715,0.0011445782124064863,0.0011526569478782927,0.0012342343908734621
624,0.0011742980496233537,0.0011404913850128651,0.0011526694501853652,0.0012351986864581705
625,0.0011098918624015317,0.0011663297400809824,0.0011515887917329865,0.0012342448587529364
626,0.0011242007722871172,0.0011571163707412779,0.0011527109562936753,0.0012368149981833996
627,0.001134972287626523,0.0011741707962937653,0.0011531732383805015,0.0012502983021549883
628,0.0011402115212856894,0.0012107491120696067,0.0011528861235206324,0.001254609568230808
629,0.0011488533410657612,0.0021479978179559114,0.0011516888257323038,0.0012530203342437745
630,0.0012727781928454835,0.001156653102952987,0.0011489172766088612,0.0012530609679408371
631,0.0011169031109764345,0.0014692833716981114,0.0011459820480810273,0.0012528583453036844
632,0.0011570297805075017,0.0011662477045319974,0.0011435711461326315,0.0012471219644881785
633,0.0012027550286923846,0.0011489610630087555,0.0011436735974210833,0.0012335415444336831
634,0.0011417267342201537,0.001165065816603601,0.0011434759717020725,0.0012327545276843012
635,0.0011290879493268827,0.0011210360331460833,0.0011418241500751008,0.0012348664349876345
636,0.0011292368578465863,0.001182082169689238,0.0011435332742830114,0.0012420128208585084
637,0.001109799816687074,0.0011197307519614696,0.001141437340993434,0.0012446453586220743
638,0.0011660984769049619,0.0012370472471229731,0.0011423824848400222,0.0012429696816951038
639,0.001169754433600853,0.0015166776278056203,0.0011436771040161452,0.0012433252558112146
640,0.0011701368167996407,0.001244770884513855,0.0011433955628787065,0.0012521722622215751
641,0.0010866779068277941,0.0011791411018930375,0.0011427679225957642,0.0012495040752924984
642,0.0011202587549471192,0.0011881549889221788,0.0011401877275512865,0.0012089126586914067
643,0.001127656921226945,0.0011434506834484637,0.001133063778027685,0.0012077752782963219
644,0.0010933597437623474,0.0011132211913354696,0.0011335990948757777,0.0011941558574326337
645,0.0011472821473661396,0.001280265972018242,0.0011311008670315558,0.0011949631271883847
646,0.0011502184811979532,0.0011110309069044888,0.0011285815011140784,0.0011944256679154934
647,0.0011127473783886267,0.0011874068225733935,0.0011321078495898594,0.001198483972903341
648,0.0011523954906604355,0.0013232378591783345,0.001131442701459552,0.001199266996048391
649,0.0011218997173839146,0.0012063048291020095,0.0011299524858697423,0.0011963254696689546
650,0.001133520458566232,0.0011244378169067205,0.0011323641747650174,0.0012033315899781882
651,0.001156566251690189,0.001166005723644048,0.0011305635736116933,0.001198726765438914
652,0.0011279337591905561,0.0013953459565527737,0.001127492151844005,0.0011820170210674404
653,0.0011245205142121348,0.001144044438842684,0.0011245891967477902,0.0011802484557963907
654,0.0010843484649538165,0.0011332124029286206,0.0011257007074024943,0.0011890544851310548
655,0.001094679454755452,0.0011282185930758715,0.001124795171038972,0.0011908206063322721
656,0.0011302860321787496,0.0011287978501059114,0.0011232608524875507,0.0011905482568778096
657,0.0010945740844019586,0.0011864294484257697,0.0011229980815719398,0.0011953918476589023
658,0.001139770880755451,0.0011355245811864735,0.0011214369857580296,0.0011997418167069554
659,0.0012298854461146726,0.001266523441299796,0.0011203274534911745,0.0012096746957860887
660,0.001112459246069193,0.0011406116117723287,0.001120896386055069,0.0012149169091135261
661,0.0010919814681013425,0.0011085440102033316,0.001118217883890288,0.0012067407983355222
662,0.0011700920390689538,0.0012948837596923114,0.001117984274847226,0.001210934513155371
663,0.0011210834480718606,0.0011219266336411238,0.001117125866996745,0.0012185756731778383
664,0.0010929688894086413,0.0010989340185187757,0.0011178666426800191,0.0012156082719564437
665,0.0010975629393942653,0.0012005567527376116,0.001115490342511071,0.0012079924821853639
666,0.001114465673195405,0.0013992918352596462,0.001114486673608836,0.0012077946962788704
667,0.001097620345859064,0.001232308018952608,0.001115102473522226,0.0012097945300862196
668,0.0010892989574414161,0.0011366419470869005,0.00111513811794834,0.0012095651238225402
669,0.0010867904708720744,0.0012343109608627856,0.0011146758728557162,0.0012080015332438054
670,0.0011082547520183854,0.0013890151982195675,0.001116129423129476,0.0012058206650428476
671,0.0011224801745265721,0.0013593528838828205,0.0011136454956709512,0.0012071365291252733
672,0.001126970692485985,0.0013184621557593345,0.0011098690223776632,0.0012013493255712093
673,0.0010854329365409083,0.0011188350897282362,0.0011136158557919164,0.0012029234712012114
674,0.0011160594913073713,0.001311147699598223,0.0011138564102248186,0.0012224554101005196
675,0.0011120602623042133,0.0013154668174684048,0.0011108397991499968,0.001214784561470151
676,0.0011750856437720359,0.0010918206931091845,0.0011096622682073053,0.0012138638117350639
677,0.0010685262549668551,0.0012049512122757732,0.001110141199703018,0.001218859693687409
678,0.0010994287916562624,0.0011390997911803423,0.0011103718619897133,0.0012157839957624675
679,0.001099743462788562,0.0011832082481123508,0.001108746305045982,0.0012037903014570474
680,0.0010955705654083028,0.00112248343648389,0.001109741536176039,0.0011982830580323932
681,0.0011187299048631555,0.0010897080856375396,0.00111082785308568,0.00119933199910447
682,0.001130912841245946,0.0011319077434018255,0.0011108226740422346,0.0011969266443513334
683,0.0010776726942923335,0.001168421183247119,0.0011108649210693933,0.0011872012280859051
684,0.0011354736137824755,0.0011218433524481952,0.0011084122964698407,0.001178251755516976
685,0.0012061300814255244,0.0011799652525223791,0.0011076835431262021,0.0011845915872603654
686,0.0010979953289238942,0.0015968424826860428,0.001107293491313855,0.0011836339413188398
687,0.0010946767621984085,0.0011031125439330935,0.001107380961171455,0.0011765726615674795
688,0.0010916451745045682,0.001098907890263945,0.0011088338274715677,0.0012010650622658434
689,0.001104942176801463,0.00122383106732741,0.0011083073211316434,0.001201020140759647
690,0.001103329496561653,0.0011236643046140672,0.0011082292991069457,0.0011966155712492762
691,0.0010738267496021258,0.001099449477624148,0.0011071562067502076,0.001197156849782914
692,0.0011225011241104868,0.001094626933336258,0.0011065856058254013,0.00120098592126742
693,0.0011164568801824417,0.0011628654738888144,0.0011075118102443716,0.001202481985744089
694,0.0010866609947859413,0.0011741770920343697,0.0011048941554501653,0.0012035711408592761
695,0.001109310927697354,0.001145879791583866,0.001101396457881977,0.0012037860907614232
696,0.0010611645595377517,0.0011356160696595907,0.001102305361907929,0.0012033544200472535
697,0.0011087518588950237,0.0014769579493440687,0.0010987362938622632,0.001201900349650532
698,0.0010756816412322223,0.0010948939411900937,0.0010957285581880971,0.0012286262514069675
699,0.001118246237747371,0.0011346157058142125,0.0010969955609283514,0.0012118818842805923
700,0.00114838191980703,0.0019277768349274993,0.0010971856057850852,0.0012105508543550968
701,0.0011619229852739307,0.001090697655454278,0.001096445819373346,0.0012149243821389974
702,0.0010665757043494119,0.001094836974516511,0.0010951340701844958,0.001212402059044689
703,0.0010726014827378094,0.0011526317545212806,0.0010957886426709593,0.001216833725757897
704,0.0010854784396684004,0.001278935035225004,0.0010970774644571872,0.0012250113585032525
705,0.0011187256758825646,0.0011598850484006106,0.0010946420697495341,0.0012278540091589093
706,0.001053288535008,0.001116936963517219,0.0010929044485402605,0.0012249209156259893
707,0.001043470402041243,0.0011372814909555017,0.0010933405061304155,0.0012227001273073257
708,0.001100395294941134,0.0011576294153928758,0.0010937282615496465,0.0012228585771284998
709,0.00104624691264083,0.001085491592530161,0.0010948313558836362,0.0012203844693489372
710,0.001130936689571374,0.0018481127964332699,0.0010915738192542144,0.001211650318559259
711,0.0011296703974302445,0.0011782333045266568,0.0010930737516687558,0.0012168389418162405
712,0.001099427883616752,0.0010698367957957089,0.001090435042578934,0.0012212603085674345
713,0.0010731505142110918,0.0012082460848614573,0.0010859739415813238,0.0011921679994091393
714,0.0010721484470802049,0.0011607729899697006,0.001082607097277004,0.001193307834211737
715,0.001119693808723241,0.0012344559724442661,0.0010828440983003628,0.0011920270098373293
716,0.0011060472942578297,0.0013038902962580323,0.0010830162916384224,0.0011905600876547396
717,0.0010616162564191553,0.0011656931997276842,0.001082208482357156,0.0011866437390446664
718,0.0010730163499505984,0.0010895381355658174,0.0010815291209094638,0.0011833570495247841
719,0.0010975624345398198,0.0011186573840677738,0.0010837074381247578,0.001181535542756319
720,0.001119004813178132,0.0011498410371132196,0.001085213444976964,0.0011854972736909985
721,0.0010887419178874957,0.001073763375170529,0.0010859005771422137,0.0011908539951778947
722,0.0010273134431594776,0.0012586041796021164,0.0010861804913056808,0.0011995577853173018
723,0.0011131799515957633,0.001224609522614628,0.0010835957827615653,0.001170242278277874
724,0.001052278510501815,0.0012451498745940626,0.0010795252991478062,0.0011656462671235201
725,0.0010368543948667745,0.0012004691059701144,0.0010787934176675561,0.0011695839887484905
726,0.0010777518776659337,0.001119193525519222,0.0010794146160336417,0.0011692562445066868
727,0.001072500729933381,0.0010628163651563228,0.0010781332828363197,0.0011675331352278592
728,0.0010769063161893023,0.0011159586999565363,0.001076082506025624,0.001167044225148857
729,0.0010652832076367405,0.0011810263199731707,0.0010731003344214216,0.0011580030534416438
730,0.0011017416396902667,0.0010777178104035556,0.0010746727035329164,0.0011583272209391
731,0.0011077464653903412,0.0010713992943055927,0.0010747037340628192,0.0011576339835301043
732,0.0010811205733463995,0.0012363247643224894,0.001073543876057698,0.0011610580740496516
733,0.0011175735990723802,0.0012915474525652827,0.0010728522412271962,0.001160575710888952
734,0.0010532447667275038,0.0013030863460153342,0.0010728465738292369,0.0011618141716346145
735,0.0010663189759684934,0.001115225120447576,0.0010738046120231351,0.0011563114907592535
736,0.0010279083070862624,0.0010633330256678165,0.0010713806867082088,0.0011511528071016072
737,0.0010811308466104998,0.00116827983641997,0.0010723637730193636,0.0011477685680612922
738,0.0010886804733632339,0.0012000524788163603,0.0010730615299712452,0.0011418529072776437
739,0.001040115117147151,0.001117695257999003,0.0010711173135218108,0.001144139666017145
740,0.001068424388455848,0.0012222332204692066,0.0010692157742826062,0.001143510513845831
741,0.0010314930041527583,0.0010778610035777091,0.001068584167289858,0.0011467948748730124
742,0.0011009254842065275,0.001173797387164086,0.0010680824355687947,0.0011502839078195392
743,0.0010737921131981744,0.0010722072003409267,0.001067688529405536,0.0011554907384328543
744,0.001068565984411786,0.0012042596470564603,0.0010649153321412288,0.0011585263984277843
745,0.0011017139424155983,0.0011377819580957293,0.0010624761341398376,0.0011544688539579509
746,0.0010886002329385115,0.0011047248938120902,0.0010581803941530073,0.0011444517979398367
747,0.0010512643980069294,0.0011210371577180921,0.0010583812274814893,0.001139935881923884
748,0.0010525818187226024,0.0010956424311734736,0.0010593777565544265,0.0011408121692948042
749,0.0010768556682806876,0.0011605438985861838,0.00106017664448979,0.0011420378941111268
750,0.001054298318663819,0.001052577586378902,0.0010599104303504444,0.0011411662979982796
751,0.0010291464664300696,0.001176362494006753,0.001059024471618856,0.0011447886539623143
752,0.0010249622489532663,0.0010470875608734787,0.0010595723578344202,0.0011534475018270315
753,0.0010611161413706012,0.001198067725636065,0.0010599917033842455,0.0011483679012395441
754,0.0010527399146101541,0.001268252143636346,0.0010611456703549871,0.0011475279260426759
755,0.0010918939856087997,0.0012078885757364332,0.0010582498624248221,0.001144598175212741
756,0.0010384165337826642,0.0011472907941788436,0.0010587703699504749,0.0011512488783337177
757,0.0010201406233116158,0.0011348861525766552,0.0010576355659868567,0.001147367105446756
758,0.001010180099401623,0.0010411210521124304,0.0010547915267395892,0.0011554546538740395
759,0.0010582655999395582,0.0011901884456165135,0.0010540547316117833,0.0011544936036691068
760,0.0010912322027919192,0.0011371323047205805,0.001054031096186696,0.0011557880433276295
761,0.001047880505470352,0.0010939761460758745,0.0010539978976206233,0.0011548236768692734
762,0.0010744754931268593,0.0011464899335987865,0.0010538698939244367,0.0011613850109279157
763,0.0010665315050735241,0.0012906113779172302,0.0010535991776372412,0.0011697883497923615
764,0.001053812272536258,0.001334166454616934,0.0010524935556886098,0.0011687990442849697
765,0.0010789080272014771,0.001095243205782026,0.001052930768734465,0.0011697104549035432
766,0.001060342178421302,0.0010568616236560047,0.0010514119410887357,0.0011642349045723679
767,0.0010285302859524058,0.0011005536164157093,0.0010524970316535068,0.0011685490511357786
768,0.0010868048013394904,0.0012384747783653438,0.0010497625987459388,0.0011615800213068727
769,0.0010401958853213324,0.001107215324882418,0.0010516360328636236,0.0011621570128947498
770,0.0010306129612339039,0.0013399706687778235,0.0010528375285884573,0.001160758923459798
771,0.0010701803547433681,0.0010806986386887728,0.0010526998387132252,0.0011710179014131426
772,0.0010506735123797424,0.0011533981491811574,0.0010522617207529646,0.001167459111660719
773,0.0010517518545707894,0.001071533269714564,0.0010490609988259773,0.0011647480542771517
774,0.0010736555758760207,0.0013245772500522434,0.0010484405418237051,0.001171168405469507
775,0.0010475304114839269,0.0012626610579900444,0.0010462902477114567,0.0011718781399540602
776,0.0010015059177142878,0.0011516298563219608,0.0010456634838185794,0.0011653179292567075
777,0.0010358925750996503,0.0010698728263378143,0.0010449056967006378,0.0011538894728757442
778,0.0010231454502273765,0.0010611789673566818,0.0010436932951056709,0.001152878030203283
779,0.001079867178729425,0.001376105807721615,0.001043328512309947,0.001165974565036595
780,0.0010235331629195976,0.0010336628300137817,0.0010441301355811044,0.0011660300681367516
781,0.0010852523867247834,0.0011617155838757754,0.0010425436496889842,0.001166163612343371
782,0.0010501780164324575,0.0010999339167028666,0.0010435460160641622,0.001162957697175443
783,0.0010067378525208269,0.001297595500946045,0.0010468148378500095,0.0011504623050801457
784,0.001047312650933034,0.0011012187018059193,0.0010460594721293697,0.0011496343226172032
785,0.00101121415461724,0.0010693558701314033,0.0010447645166009251,0.0011517378816381099
786,0.001032369080413547,0.0012544849258847536,0.0010427327683454172,0.0011534620646387339
787,0.0010207181403206454,0.00116423329571262,0.0010412257228098395,0.0011414385972544551
788,0.0010508624077515884,0.001126606110483408,0.001040414292132482,0.001132592895440757
789,0.00103486759458772,0.001048455045092851,0.0010424027066936509,0.00112747163772583
790,0.0010485979873273107,0.0010699571389704943,0.0010409622297777486,0.0011295864437706768
791,0.0010512226085282034,0.0013842749944888055,0.001042114082015016,0.0011287040000781416
792,0.0010485708677313394,0.0011019411939196288,0.0010398849159634362,0.0011150768633000551
793,0.0010471426540364821,0.0012418133835308254,0.0010387245884009948,0.001119912388920784
794,0.0010652550447007847,0.0010270674456842243,0.0010369401772454797,0.001115925831347704
795,0.0011123335058800877,0.0010275858663953842,0.0010343347032606186,0.0011121983631514013
796,0.0010512962117273773,0.001059999077115208,0.0010363911911069105,0.0011063747776672245
797,0.0010182996241686244,0.0012059871247038245,0.0010356876687405425,0.001104202905856073
798,0.0010009581481830942,0.0011146378447301685,0.001036279105524429,0.0011107225187122825
799,0.001035979437486579,0.0010239905654452742,0.0010365721586005142,0.0011078580411151052
800,0.0010272446445499857,0.001041518512647599,0.0010355438712311702,0.0011261206767521799
801,0.0010512162817435133,0.0010235984134487808,0.0010345619401584069,0.0011211343465372917
802,0.0009998806522020863,0.0011227429774589837,0.0010330847730239232,0.0011197908972389993
803,0.0010519417561590672,0.0010391178750433028,0.001031569828776022,0.0011236389080062506
804,0.0010241380274399288,0.0010354273882694541,0.0010295107162350582,0.0011107562378048896
805,0.0009945249738585618,0.001154550970532,0.0010297256004996598,0.0011081347471103072
806,0.0010406421078369022,0.0010620516445487738,0.0010282062696396477,0.0011012176512740551
807,0.0009850411668109397,0.0010067472117953002,0.0010280796759244472,0.001104555339645594
808,0.00105815004867812,0.001152005863841623,0.001022933247168031,0.0011063300517387689
809,0.0010297245917738312,0.0010469219065271317,0.0010209091174209284,0.0011066972543485462
810,0.0010260000742144055,0.0012323461915366351,0.0010205682560698024,0.001108859019726515
811,0.0010396954073156747,0.0011828729859553278,0.0010216940026626818,0.0011063542271032931
812,0.0009950109560870463,0.0016207991866394877,0.0010197537828754218,0.0011090576663613319
813,0.0010263141309325065,0.0010019478551112114,0.0010201556749952336,0.0011080870751291512
814,0.0009979384162256287,0.001014868812635541,0.0010184182781622642,0.0011120227597653863
815,0.0010107243811297748,0.0011661574081517755,0.0010176563871920935,0.0011070236448664215
816,0.0009997447950041128,0.0010622082394547761,0.001017647350972725,0.0011350059726741163
817,0.0010539429743463794,0.0010364039265550672,0.0010189898992474709,0.0011353122717235238
818,0.0010091593825361795,0.001068885987624526,0.0010176435716553695,0.001131360232969746
819,0.0010620902018207642,0.0011105096549727024,0.0010162039557264912,0.0011323745168279856
820,0.0009836727869696916,0.0010719536687247456,0.001018090761649526,0.001131911288155243
821,0.001000692968049811,0.0010691791423596442,0.0010172683329942327,0.0011272788812872023
822,0.0010097780903904803,0.0012600312591530382,0.0010172287644301026,0.001131320123327896
823,0.0010291018130050766,0.0010520180291496218,0.0010171706190125812,0.0011224268671590834
824,0.0009874739428050816,0.0010915765468962491,0.0010148949607792829,0.0011247101307380945
825,0.0010372919475452767,0.001017253731843084,0.0010162993388457432,0.001102378011168912
826,0.0010077813609192768,0.0011219905293546617,0.0010161728400530088,0.0011043972377199679
827,0.0009808333779478238,0.0009977651049848646,0.0010158175408219298,0.0011168907982762903
828,0.0010517158506748578,0.0017386760702356697,0.0010149241720533205,0.0011134036222007126
829,0.0010577017343085674,0.0010430848645046353,0.0010157681485741504,0.0011138995004352182
830,0.0009608667840560278,0.0010557500016875566,0.0010128430970944464,0.001120431238366291
831,0.0010046517096149424,0.0010874087410047651,0.0010114684872950118,0.0011226725023705513
832,0.0010322113148868084,0.0009951664949767291,0.0010077008843163236,0.0011180266840849073
833,0.0010375893322957888,0.001036195692140609,0.0010074330509071134,0.001117565781297162
834,0.0010287353776705763,0.0011479529575444758,0.0010063963640843416,0.0011139400916639714
835,0.0010245464387763706,0.0010100147873163224,0.0010080394168125674,0.0011029213190544397
836,0.0009828039514832199,0.0012399545754306017,0.0010098387281876058,0.0011046871149446816
837,0.0010301204077485535,0.0010624961974099278,0.0010095422297664402,0.0011115552680101247
838,0.0010231516611141462,0.0010524285188876093,0.0010084931498548638,0.0011139182695653292
839,0.0009890559354486564,0.0013272078265435994,0.0010080879696800062,0.0011082480876240882
840,0.000988390161914544,0.0010789780062623322,0.0010068525105042176,0.0011081059053540234
841,0.0010208442080248562,0.0010746051953174174,0.0010040798374296477,0.001081879362743348
842,0.0009808166873537833,0.0011996973748318852,0.001001792376369445,0.0010962656655348838
843,0.000974794137550311,0.0011249175877310336,0.0010017829986237404,0.0010954641773365439
844,0.0009679001273535606,0.000994364197831601,0.001001926273899153,0.0010914959664456547
845,0.0009769769517394404,0.0010604310990311205,0.0009986549590559057,0.0010974107452668249
846,0.0009747757974805103,0.0009785369015298784,0.0009953402190831387,0.001095564468950033
847,0.001050854408596125,0.0009845619439147412,0.0009929601784122901,0.0010884924293495715
848,0.0010740845973810388,0.0010961629264056682,0.0009914274289531428,0.0010869387359358372
849,0.0009800614822759396,0.001263280373532325,0.0009901128459049182,0.0010769031099043787
850,0.0010110649497558674,0.001076328770723194,0.000987544475749342,0.0010731370363384484
851,0.0009976518565478424,0.0009802359808236362,0.0009846335546475733,0.0010752400828525422
852,0.0009499468985531065,0.0009942105482332409,0.000986311009935,0.0010650605605915188
853,0.0009823990238106086,0.0010830125049687922,0.0009871406031203354,0.00106520107248798
854,0.0010005152078034977,0.0014027424342930317,0.0009850403419747534,0.0010619304296560586
855,0.0009606323404134148,0.001035712796729058,0.0009846829641869087,0.0010541688793338838
856,0.0010082335915002558,0.0009882034687325359,0.0009857671540385734,0.0010487199558876456
857,0.0009504284438056251,0.0011430359655059874,0.0009861996095731028,0.001051789498049766
858,0.0009547208329766161,0.0009900387842208147,0.0009853102392206588,0.001048338049836457
859,0.0009692343608993623,0.0009711519675329327,0.0009838538552220497,0.0010481045884545893
860,0.0009862277022976843,0.0009711724519729614,0.0009816390819226703,0.001054705898137763
861,0.0009499393752776086,0.0009890639246441424,0.0009784777798948602,0.001066015255684033
862,0.0009659111538591485,0.0009683443582616747,0.0009800059305762664,0.001055686649074778
863,0.000950378633569926,0.001105004681739956,0.0009777051764902555,0.0010510252703446895
864,0.0010309923176343243,0.0010727197700180113,0.0009752764624698708,0.0010500993975903837
865,0.001009129991547929,0.0010824908036738633,0.000975883673126292,0.0010493569787126034
866,0.000968337679385311,0.000992839124519378,0.000976862338024916,0.0010488234238233418
867,0.0009718822426576582,0.0010056586167775095,0.0009745364463215488,0.0010363278772216292
868,0.001001898883841932,0.0009886945015750825,0.0009745926564921522,0.0010330755126196894
869,0.0009787115157167945,0.0010711027518846095,0.0009747243933224431,0.0010348978300113232
870,0.0009547426929283474,0.0009741448936983943,0.0009762654687122753,0.0010305379448924215
871,0.000938366197515279,0.0009727003669831902,0.0009761910799735537,0.0010285975976381452
872,0.000995485076111638,0.0011495946859940887,0.0009746567077055161,0.0010289631773252041
873,0.00099505204668579,0.0013788968650624157,0.0009731377680320295,0.0010289865569677204
874,0.001018265249311096,0.0010050652083009482,0.0009718387317998957,0.0010325732598546894
875,0.0009535460976055927,0.0009597943024709821,0.0009724679140839727,0.0010372346749994903
876,0.0009369340060382253,0.000957089161965996,0.0009734122517777399,0.001031570695200935
877,0.0009651271649636328,0.0009756500762887299,0.0009707938018203196,0.0010263407017104328
878,0.001006865646276209,0.001069673632737249,0.0009681928818993685,0.0010223817856051028
879,0.0009423679152193168,0.0010903537692502142,0.0009666898396331816,0.0010221470839343965
880,0.0009620375946785013,0.0009544036816805601,0.0009663643830507579,0.0010298739703372122
881,0.0010115270122575263,0.0010337614035233855,0.0009638761179159498,0.001028193091414869
882,0.0009889553285514314,0.0010340388375334442,0.0009630952752247039,0.0010248033914715055
883,0.0009528611145085758,0.0009415301028639078,0.0009671247877801458,0.0010232785636093468
884,0.0009308750541984207,0.0009802914597094058,0.0009678837448979418,0.0010216376698110254
885,0.0009482542104605171,0.0009717569430358708,0.0009664481865552566,0.0010185250260401517
886,0.000917463469474266,0.0010787314968183637,0.0009667437187913392,0.001001347900973633
887,0.0009816407109610736,0.0010848797368817032,0.0009655821639009648,0.0010015020383987577
888,0.0009739870759141114,0.0009634051867760718,0.0009665621308609844,0.0010012883891351522
889,0.0009655310686988135,0.0009419699327554554,0.0009695023231104845,0.0010111314551904797
890,0.0009441069935241508,0.0009835179010406136,0.0009702073897235096,0.0010099203719291835
891,0.0009307616227306426,0.0009869715827517211,0.0009678618408532607,0.001007487746933475
892,0.0009637458280970653,0.001198830776847899,0.0009683977272568477,0.0010010521274060012
893,0.0009396922554717296,0.0009466725285165011,0.0009660186049735381,0.0010019047322683036
894,0.0009591904484356443,0.0009863602533005179,0.0009629361155753333,0.0009980211570858955
895,0.0010554805068143955,0.0009360241971444338,0.0009605290045651295,0.0009958963630720976
896,0.0009573401254601776,0.000931678022025153,0.0009600889329384598,0.001005345211457461
897,0.0009595961175445053,0.00107177859172225,0.0009597027955059375,0.0010037397384643554
898,0.0010024403525878572,0.000949468738399446,0.000958311197751512,0.0010108343825675548
899,0.0009892263770517377,0.0010089186439290643,0.0009596591141385336,0.0010063115427270532
900,0.000978045271606081,0.0009544530708808452,0.00095829358642093,0.0009996933023445308
901,0.0010104388122757276,0.0012031658133491874,0.0009564925927565327,0.0009991964516229928
902,0.0009827538302892612,0.0009453729947563261,0.0009570091543046549,0.0009981489241588863
903,0.0009482269245199859,0.0010088580078445376,0.0009556394565591796,0.0009999146457295865
904,0.0009557650753089951,0.000929463281063363,0.0009549886212322033,0.0009978847592603415
905,0.0009025595375957589,0.0009757188032381237,0.0009541855114874327,0.0009883906067814678
906,0.0009344647773024109,0.0009366720239631832,0.0009527973236050457,0.000992130469204858
907,0.0009287775532963376,0.0009809189871884882,0.000951529681128967,0.0009933840338606388
908,0.0009418593238418301,0.0011777513124980033,0.0009469535554759203,0.0009931751818396152
909,0.0009212216183853646,0.0009401546348817647,0.0009461575845049487,0.0009953018693719061
910,0.0009134642665998803,0.001149123045615852,0.0009473414405042099,0.0010062986015807838
911,0.0009511613791498045,0.000965660500805825,0.0009434812407785406,0.001008601514948532
912,0.0009475025180209842,0.0009194237273186445,0.0009415743525838479,0.001009958388330415
913,0.000928962234304183,0.0009509839187376201,0.0009406509613540644,0.0010097828792408109
914,0.0009784451074018661,0.0009157817461527884,0.0009380600784517203,0.0009990376108326019
915,0.0009098645498872631,0.0010276609403081238,0.0009354257479025464,0.001016474346583709
916,0.0009144907395562364,0.0009362244210205972,0.000934015352695456,0.0010176426937337966
917,0.0009436680844777988,0.0009614769648760557,0.0009325879142749019,0.001019809721969068
918,0.0009049875584120552,0.0010401690891012549,0.0009321071743577097,0.001020567347854376
919,0.0009274993865336809,0.0010176993696950376,0.0009336478729861686,0.001019464198173955
920,0.0009410773654882279,0.0009308028966188431,0.0009347301390151391,0.0010194191526155917
921,0.0009374408511858848,0.0009848452103324234,0.0009337990263399358,0.0010106287598144262
922,0.0009891925175260338,0.001346696896944195,0.0009336983230197804,0.0010137399987783283
923,0.0009059353594461248,0.0010070415725931525,0.0009327677893685179,0.001009791101841256
924,0.0009415541721844218,0.001042840478476137,0.0009309407043503599,0.001009503982542083
925,0.0009549604908614936,0.0009500653436407447,0.0009289602074901472,0.0010157612568233163
926,0.0009456667397171259,0.0009345341031439603,0.0009292159640566552,0.0010146499717142434
927,0.000916895566559914,0.0013812913885340094,0.0009258292975188753,0.0010198178054299208
928,0.0009129670443427232,0.0010380666865967214,0.0009251011141963926,0.0010153905304148792
929,0.000920079114795145,0.0009836389869451523,0.0009263105198094208,0.0010297379663214087
930,0.000890541039665954,0.0009946594503708183,0.0009254843935861977,0.0010275580128654839
931,0.0009729822430138787,0.0009090932819526643,0.0009251860236930144,0.001026770000718534
932,0.0009558342040205995,0.0009797928482294083,0.000924011852993216,0.0010235461958218366
933,0.0009185815069617496,0.0009579914924688637,0.0009224541814247559,0.0010251376141328366
934,0.0009187040353814761,0.0010179356089793147,0.0009201383457027582,0.0010218263717833907
935,0.0008902009253183173,0.001050400622189045,0.0009163049178637772,0.0010071196182165295
936,0.0009054842536958556,0.0009584825183264911,0.0009163266259167964,0.0010051021269056946
937,0.0008979900965156655,0.0010758555843494832,0.0009148799162565006,0.0010089893963653592
938,0.0009353561484668817,0.000923201791010797,0.0009137209793087096,0.0010098377854097632
939,0.0008937784439573685,0.00104497758904472,0.0009119722606976416,0.001011325204791501
940,0.0008916599668251971,0.0009169790649320931,0.0009100619825068864,0.000992110703838989
941,0.000944725879881945,0.0012949103186838328,0.0009098410445834615,0.0009861580390948803
942,0.0009230149288972218,0.000906978128477931,0.0009085792907358458,0.0009835578066762537
943,0.0008975283110824724,0.0010204687854275106,0.0009084665618474699,0.0009790633247699588
944,0.000898145119038721,0.0009371042472776026,0.0009048160910140724,0.0009784887279383838
945,0.0009021355762767296,0.0009705883543938399,0.0009012087537958804,0.0009748975133523346
946,0.0008795449581359409,0.0009020641515962779,0.0009002598229847434,0.0009752619288861752
947,0.0008933568215515051,0.0009790280577726663,0.0008993664603835594,0.0009705678598955276
948,0.0009064780607716076,0.0009566042898222804,0.0008997586077803539,0.0009665106026455762
949,0.0009053864306770265,0.0011400222149677574,0.0008984290703406765,0.0009636209944728762
950,0.0009259870671667158,0.0009712750697508455,0.0008971848521278137,0.000956035905564204
951,0.000901948774440421,0.000971719587687403,0.0008934094046656456,0.0009569069420453161
952,0.0008691386117910346,0.0009009288647212088,0.0008933408726938069,0.0009524417574983089
953,0.0009074435962571038,0.0008892500679939985,0.0008935658084849516,0.0009593276276253164
954,0.0008885352686047554,0.0009186331764794887,0.000891705949480335,0.0009491894120350479
955,0.0008877228174565567,0.0008822974027134479,0.0008899669392758775,0.0009477614747826009
956,0.0008817204721789393,0.0008947283611632883,0.0008891145056424042,0.0009481445325072854
957,0.0008656507735658023,0.0008900124835781753,0.0008886417338417636,0.000948657162580639
958,0.0008948582366833256,0.0009671018808148802,0.0008891207838327521,0.0009464982465840875
959,0.0008963699703518715,0.0009005838842131198,0.0008912966078923395,0.0009521854678168892
960,0.0009000046102381828,0.0009489691909402609,0.000891126623723863,0.0009499215943738818
961,0.0008722458177039192,0.0008862423140089959,0.0008892808081220008,0.0009525037351064383
962,0.0008668846411940952,0.000886228361632675,0.0008879067666880373,0.0009423293056432157
963,0.0008409699619126817,0.0009449777030386031,0.0008861892462759794,0.0009412455572281033
964,0.0008920651446614001,0.0009333479753695428,0.0008863787791639979,0.0009365076940041036
965,0.0008972833616038164,0.001089125818107277,0.0008854886753950267,0.0009440967348869891
966,0.0008982294047665265,0.0010414549289271236,0.0008836852357671078,0.0009422126177232714
967,0.0008795396737857825,0.0008712796971667558,0.000883426798440309,0.0009442931697238238
968,0.0008762174702456428,0.0010300452285446227,0.0008813631452775248,0.0009441314169205725
969,0.000886325824022707,0.0009499199991114438,0.0008803962332196533,0.0009432628533802927
970,0.0009141118260514405,0.000916615454480052,0.0008798543345131393,0.0009442182094790043
971,0.0009339405596256256,0.0010442446824163198,0.0008789720985572784,0.0009419327095150948
972,0.0008891072173395918,0.0009224312216974795,0.0008799837875335166,0.0009595788147300483
973,0.0008603326707250542,0.0010211578081361949,0.0008783457418075866,0.0009607553231529893
974,0.0008710353948279387,0.0008856614783871919,0.0008775890654677318,0.0009765587243717166
975,0.0008830490568652749,0.0009441813593730331,0.0008803485674162706,0.00097609476945363
976,0.0009066870966408816,0.0008532730070874095,0.0008810806101601984,0.0009759212426375599
977,0.0008468860175667538,0.0010906548867933453,0.0008796060817419654,0.0009725711914710701
978,0.0008623576055591305,0.0008421471389010548,0.0008787154816298021,0.0009639496720395983
979,0.0008820743354347845,0.000970646976493299,0.0008763707402990096,0.0009562261039856822
980,0.0008361314883869555,0.0008782535826321691,0.0008746776132430468,0.0009547364085912705
981,0.0008575476707321488,0.0008730142726562917,0.0008745237693914936,0.0009517388922162354
982,0.0008521033059029529,0.0009138963860459625,0.0008744405953006611,0.0009477643479593097
983,0.0008728023377868036,0.0009099643817171454,0.0008721775676072057,0.0009439145999494939
984,0.0009216621947578258,0.0013417365145869554,0.0008688477229275223,0.0009448525120969861
985,0.0008590534670899312,0.000978381901513785,0.0008680341994959033,0.0009424254348035901
986,0.0008533289092075494,0.0012813273444771767,0.0008672286906641803,0.0009355031290091575
987,0.0009358721899075641,0.0008746294886805117,0.0008657551620724715,0.000936389988893643
988,0.0008592710305108792,0.000940639532636851,0.0008635981470398192,0.0009411323632579297
989,0.0008552019342055751,0.0008495966962072998,0.0008594521329789939,0.0009481799309607596
990,0.0008750183587997324,0.0008735878323204815,0.0008593799763203909,0.0009376527911983431
991,0.0008396108714967138,0.0008483657275792212,0.0008574660073500127,0.0009424104720354081
992,0.0008372114973867105,0.0008340373123064637,0.0008572187072235264,0.0009387252327986063
993,0.0008723713739568161,0.0009551073191687465,0.0008562198205592316,0.0009374689654912801
994,0.0008842464717518952,0.0008505563926883042,0.0008545230741250432,0.0009356027971487495
995,0.0008575361337150551,0.0008203717542346567,0.0008525618918860952,0.0009437900945078584
996,0.0008506944426335395,0.001067692486103624,0.0008533719524534213,0.0009412410540506246
997,0.0008687691315491167,0.0008617542893625796,0.0008505806940193806,0.0009243946988135578
998,0.0008401949499319825,0.0008481001632753759,0.0008520143542387006,0.0009179726174566897
999,0.0008341971800352136,0.0009078329754993319,0.0008508158342136691,0.0009074362018611284
1000,0.0008291236810489661,0.0010627407184801995,0.0008463625667047583,0.0009064090956468137
1001,0.0008030367451202538,0.0010294621996581555,0.0008451996274344209,0.0009036104338709266
1002,0.0008450821011016767,0.0008274763927329331,0.0008430769322077847,0.0009094642875716091
1003,0.0008145083812996745,0.0009610891598276793,0.0008399398577037371,0.0009083756583742797
1004,0.0008758918322726257,0.0008785159955732525,0.0008389845261712455,0.0009091151452157646
1005,0.0008111593217795922,0.0008468468999490142,0.0008385082265103443,0.0009084961563814433
1006,0.0008151290098774351,0.0008263600640930236,0.0008360006522542486,0.0009029030418023467
1007,0.0008030737499292526,0.0011185788200236857,0.0008327839490854076,0.0009059410753659905
1008,0.000893053851969954,0.0008462383702863008,0.0008320978762012803,0.000905849964171648
1009,0.0008518807339068089,0.0009205776336602867,0.0008315916500416481,0.0009015200654044749
1010,0.000894894972572931,0.0008178298675920815,0.0008309603184720294,0.0008996132523752749
1011,0.0008233659085817635,0.001017916954588145,0.0008295426451445867,0.0008986116465646775
1012,0.000824540502184795,0.0008489518333226442,0.000827801209455356,0.000900222300970927
1013,0.0008301975487524436,0.0008706729882396757,0.0008261929136649189,0.0008908517261501401
1014,0.0008021345535396702,0.000995943038724363,0.000827427151043796,0.0008938141357619315
1015,0.0007965914961985416,0.0008463721023872495,0.0008260300249637416,0.00089320904109627
1016,0.0008157275831844244,0.0008668528986163438,0.0008245295838918538,0.0008905752565711737
1017,0.0008253040058641798,0.0008185625914484263,0.0008231128941755743,0.0008879285383503884
1018,0.0008096820175544255,0.0008152794546913356,0.0008220384232234209,0.0008862559189088642
1019,0.0008038288925308735,0.0009265072317793965,0.0008202024593949317,0.0008843492683488876
1020,0.0008403843116118676,0.0008180939743760974,0.0008197896114343569,0.0008827881038654597
1021,0.0008380387886427343,0.0009594450169242919,0.0008180828621197078,0.0008813737017102539
1022,0.0008529858423086505,0.0008140839636325836,0.0008153046048763725,0.0008766249182168394
1023,0.0008047531167459156,0.0008230600180104375,0.0008114679712595209,0.000874522797530517
1024,0.0007906612878044447,0.0009480993356555701,0.0008095102484234505,0.000866361915739253
1025,0.0007889162862880362,0.0008284763479605317,0.0008081868397589358,0.000864919289248064
1026,0.0008338926795921806,0.0011035224399529398,0.0008059589159571461,0.0008605697291437536
1027,0.0008101539491003172,0.0008123490260913968,0.0008059968488446127,0.0008573765819426625
1028,0.0007769973545024792,0.0008952445467002689,0.0008050329118294435,0.0008642298372928052
1029,0.000840474589365638,0.000812348040053621,0.0008045732236881224,0.0008611693562939762
1030,0.000784297547975762,0.0008050314139109105,0.000802421653032717,0.0008630307281389833
1031,0.0007692299141652054,0.0007786938000936061,0.0008020462915353064,0.0008637307348195463
1032,0.0007927525509148836,0.0010795497079379858,0.0008009025649685,0.0008605228699743748
1033,0.0008503851191037231,0.0008108783164061606,0.00079816460153088,0.0008581230969168247
1034,0.0007824243028234277,0.0008018580463249236,0.0007959774204322863,0.0008496509776916355
1035,0.0007989791321516451,0.0007652768504340201,0.0007955755362804566,0.0008510399284306915
1036,0.0007744228376799987,0.0008138949098065496,0.0007939605201594534,0.0008496100419200959
1037,0.0007914552855719294,0.0008128861710429192,0.00079846355629464,0.0008440827921964228
1038,0.0007744994537077016,0.0007619339856319129,0.0007984711724023025,0.0008543219428509474
1039,0.0008030828757263306,0.0009161143586970866,0.000796013971992458,0.0008415078710764646
1040,0.0007724930708193116,0.0010177034861408175,0.0007930360122894249,0.0008444087044335902
1041,0.0008042353796513958,0.0007903408736456186,0.0007921995232813061,0.0008392438798677177
1042,0.0007715147394790417,0.0008650968875735998,0.000789313613333636,0.0008376362930517643
1043,0.0008002979801191638,0.0008327796217054129,0.0007882219286221597,0.0008429486020468175
1044,0.0007752357283607125,0.0008463106106501073,0.0007885187202029758,0.0008443662537261843
1045,0.0007719352256713642,0.0007580996479373425,0.00078712718165997,0.000832624493399635
1046,0.0007833592611778942,0.0007476420362945647,0.0007829359566741106,0.0008296562801115214
1047,0.0008429387385129101,0.0008488077321089805,0.0007829949798528105,0.0008268794732633977
1048,0.0007643777137208316,0.0007873128552455455,0.0007810767620284524,0.0008298698519356548
1049,0.0009032371911841134,0.0008099180925637484,0.0007799700223116412,0.0008286231345497071
1050,0.0007891066889795992,0.0010844551143236458,0.0007778011039934225,0.0008257011177483946
1051,0.0007724626693460676,0.0007831706455908716,0.000776956641777522,0.0008277792518492787
1052,0.000735704956524488,0.0008848698600195348,0.0007764719758648424,0.0008200249379966407
1053,0.0007560851292995115,0.0007661239325534552,0.0007749000524946799,0.0008100063204765319
1054,0.0007683268406738838,0.0007721583696547895,0.0007719496849717364,0.0008112261669244617
1055,0.0007570054301888579,0.0009378391387872398,0.0007703147298759884,0.0008061400324106216
1056,0.0007766497036856082,0.0008141350920777768,0.0007675095793532413,0.0008042684733867645
1057,0.000757964087339739,0.0007860056997742504,0.0007662105708538244,0.0008007004181854425
1058,0.0007456044944572366,0.0007366729842033237,0.0007660088141810976,0.0008004709665197877
1059,0.0007838998822909262,0.0007324378751218319,0.0007641216861394545,0.0007994810182601213
1060,0.0007510236865426931,0.0008400363172404468,0.0007596326381951158,0.000795413145655766
1061,0.000746754344759716,0.0007827269751578569,0.0007590050285216422,0.0007931933769024908
1062,0.0007372323276164631,0.000739835751010105,0.0007533453642908068,0.0007908304577227681
1063,0.0007533878983101911,0.0008138873381540179,0.0007516118925064801,0.0007755037993658334
1064,0.0007909662279093431,0.0007222565123811364,0.000749020070882721,0.0007737943400163203
1065,0.0007331949865652456,0.000767238048138097,0.0007499100466879706,0.0007662255245260894
1066,0.0007304761915778121,0.0008208370348438621,0.0007478312633103794,0.0007650523436255753
1067,0.000730640862085339,0.0007379435247275979,0.0007460323074884299,0.0007623650350607931
1068,0.0007301692170504895,0.000785990646108985,0.0007472918656809876,0.0007612476422451437
1069,0.0007427605158752866,0.0007571092306170612,0.0007465597039864708,0.0007575663897208871
1070,0.0007668913088531957,0.000752363356295973,0.0007440488426273482,0.0007556803569197656
1071,0.0007361810601368132,0.0007228933298029005,0.0007433272659364674,0.0007631445317994804
1072,0.0007307125399044404,0.0007471109170001,0.0007400998402283424,0.0007619554585777224
1073,0.0007486874718839923,0.0007318186364136636,0.0007381077529810783,0.0007565331084188074
1074,0.0007617455854132358,0.0007508451130706817,0.000737665688396535,0.0007605986983049662
1075,0.0007457698943714301,0.0007012886554002761,0.0007359039910189394,0.0007619623010978103
1076,0.0007076671287520892,0.0007404341618530452,0.0007342085028843334,0.0007586233123671265
1077,0.000757954351655725,0.0006956494727637618,0.0007324879802711723,0.0007579260316677392
1078,0.0007041155448597339,0.0007367944100406021,0.0007330298883685223,0.0007547404340934009
1079,0.0007233529451251444,0.000704975655535236,0.0007312491952182933,0.0007537652638740838
1080,0.0007884943850028018,0.0009099043183960021,0.0007312715052368328,0.0007526207637041807
1081,0.0007583456613226898,0.0007221037789713592,0.0007299576679296379,0.0007507372648455202
1082,0.0006951925533616708,0.0007388548797462135,0.0007284557165112347,0.0007482827605679632
1083,0.0007275650771852169,0.0009232773561961948,0.0007245126074128268,0.0007457287777680904
1084,0.0007032142395878004,0.0007027110445778817,0.0007230355688629466,0.0007441506826318801
1085,0.0007012215053610918,0.0007044775632675738,0.000722436571918014,0.0007445916222408415
1086,0.0007357027301461332,0.0008843667223118245,0.0007229134877419307,0.000742627328587696
1087,0.0006931898931765722,0.0007739258208312094,0.0007200097812805323,0.00073959610988386
1088,0.0007110006949450407,0.0007304126198869198,0.0007168087654126185,0.0007383261009119451
1089,0.0007479531625803146,0.0007048244948964566,0.0007151825280963546,0.0007348521910607816
1090,0.0007467426889989939,0.000687598108779639,0.0007117894790911425,0.0007330233009532095
1091,0.0006859588628220889,0.0007964577793609351,0.0007115253446002799,0.0007299090646207332
1092,0.0007311986125488248,0.0007093310204800219,0.0007086956638998039,0.0007277459584176539
1093,0.0006973232843706178,0.0007389031746424735,0.0007037290051941655,0.0007185751058626919
1094,0.0007052117304152084,0.0006957466236781329,0.0006999416110105811,0.0007165616355370729
1095,0.0006683135813929968,0.0006885137862991541,0.0006986830084170731,0.0007138385585043578
1096,0.0006992550963898085,0.0006834409513976425,0.0006970999847166238,0.0007027093998622148
1097,0.0007157376162811286,0.0007581344072241336,0.0006961811167394948,0.0007016944478731602
1098,0.0007606103674819072,0.0006827112950850278,0.0006948555472306906,0.0007036614562384784
1099,0.0006891529238782823,0.0006750646454747767,0.0006921756946481764,0.0006945287161972374
1100,0.0006657444976735861,0.00066953843110241,0.0006917267168354657,0.0006899004800710826
1101,0.0006670111958454881,0.0006535864155739545,0.0006903487894425374,0.0006966035869903862
1102,0.0006731281265254235,0.0006499272200744599,0.0006870027127675711,0.0006956745586358011
1103,0.0006975121825881716,0.0006589385017286986,0.000683288826006982,0.000695297506591305
1104,0.0006526109276132451,0.0006508980004582554,0.0006820333518915704,0.0006941393661312758
1105,0.000664327917361839,0.0006806330045219511,0.0006789194967752941,0.0006915655486285686
1106,0.0006636608067330801,0.0006717670208308845,0.0006763515973825833,0.0006872833536472171
1107,0.00066372748852397,0.0006707779539283365,0.0006727159358043635,0.000685860453825444
1108,0.0006879894846739868,0.0006450483901426197,0.0006728360784240066,0.0006840718445368111
1109,0.0006802425401595732,0.0006773372448515147,0.0006699798863588108,0.0006817486219108104
1110,0.0006680822676409864,0.0007536527724005281,0.0006671768425342938,0.0006775554068386554
1111,0.000668706415583276,0.0006560482212807983,0.0006622613558338749,0.0006754743203520773
1112,0.0006819654478588038,0.0006582199176773429,0.0006602136776213431,0.0006730483174324034
1113,0.0006765525101218372,0.0008979902928695083,0.0006595390801628432,0.0006712651151232421
1114,0.0006643012457061559,0.0006815987860318274,0.0006583472373895348,0.0006717429879587142
1115,0.0006538955199842652,0.0006781718076672405,0.0006567405393191923,0.0006700064562261104
1116,0.0006545720099368029,0.000767504267860204,0.0006543845497071742,0.0006697232482023535
1117,0.0006533522346419179,0.0006449855829123407,0.0006541923990938813,0.0006712968863081185
1118,0.000633125799552848,0.0006318483001086861,0.0006520721879632523,0.0006754212449304758
1119,0.0006143201909597136,0.0006601741281338036,0.0006506259709648376,0.0006759959231130778
1120,0.0006713171468840705,0.0006437985540833324,0.0006497280365942668,0.0006730336529202758
1121,0.0006278502947599109,0.0006253603857476264,0.0006469696584209387,0.0006784372589550911
1122,0.000645661520668202,0.0006533040304202586,0.0006453006282190069,0.0006813190386164934
1123,0.0006377231999714341,0.0006306841329205781,0.000643527428014204,0.0006775823226664215
1124,0.0006379609685649889,0.0006144145724829287,0.0006400979846146786,0.0006788581755943596
1125,0.000648879561211086,0.0006249583733733743,0.0006389173297470229,0.0006809139300137758
1126,0.0006372151265127791,0.0006655332364607602,0.0006370155745392873,0.0006715547273401172
1127,0.000632960674766865,0.0006065139267593622,0.0006346444589499798,0.0006685904152225705
1128,0.0006386124422877199,0.00065185830113478,0.0006328303600299276,0.0006658612199127676
1129,0.0006478071622809189,0.00069023895310238,0.000630105954165467,0.0006580662428867073
1130,0.0006113226390961143,0.0007837419700808823,0.0006281517110868462,0.0006599942810833454
1131,0.0006275053817727086,0.0006861339753959328,0.0006288758902758774,0.0006605492045171559
1132,0.0006412791292597022,0.0005967211991082877,0.0006289830542583432,0.000657080980623141
1133,0.0006190300303407842,0.0007801385410130024,0.0006254112116475072,0.0006552332412917167
1134,0.0006385167851112783,0.0007493817363865673,0.0006229283980766517,0.0006527614504564554
1135,0.0006237522625209143,0.0006602348736487329,0.0006204733178071263,0.0006511599911842495
1136,0.0005829703305951423,0.0006879445444792509,0.0006184586792615139,0.0006554085328709335
1137,0.0006524490761674113,0.0007096137781627477,0.000615886606907265,0.0006573463043197991
1138,0.0006290086299284464,0.0006640102260280401,0.0006130336733638412,0.0006564750625751913
1139,0.0006050233559734705,0.0006074909830931574,0.0006116323508891379,0.000659552886011079
1140,0.0006085430469829589,0.0006099419249221683,0.0006101296724492891,0.0006624348830431699
1141,0.0005864618633252879,0.0005726298422086984,0.0006073161888453695,0.0006596064749639482
1142,0.0006044961576763954,0.0006931865378282964,0.0006044785604605244,0.0006567394729703665
1143,0.000651230279278631,0.0006457213859539479,0.0006031190780353629,0.0006493334691505878
1144,0.0006169992905213601,0.0005734685307834297,0.0006009655758169377,0.0006460885292384772
1145,0.0005820210816131697,0.0005976050707977265,0.0005981048641726375,0.0006455329393502323
1146,0.0005657799554885262,0.0005635656148660927,0.0005958748388207621,0.0006411301750689744
1147,0.0005842845139300657,0.0006132675486151129,0.000592845483393305,0.000632823909865692
1148,0.0005873572363311218,0.0007368976750876755,0.0005906694637249327,0.0006275793218053876
1149,0.0005736591597087681,0.000662858858704567,0.0005909512402282821,0.0006254917550366371
1150,0.0005775562226254906,0.0006031773297581821,0.0005881866104486916,0.0006185413732659071
1151,0.0006021820646451993,0.0007424788223579525,0.0005848717981897708,0.0006205461388453841
1152,0.0005953937137706412,0.0006785638525616378,0.0005845295729839967,0.0006185910141561182
1153,0.0005682753521897313,0.000581148099154234,0.0005830973287113011,0.0006151479471009226
1154,0.0005768664526597907,0.0006185639032628387,0.0005816740383652764,0.0006129366651643067
1155,0.000577335578467076,0.0005985918745864182,0.0005787670814173503,0.0006066345372237263
1156,0.0005736678263120767,0.0006050104775931686,0.0005746707581604522,0.0006012405902147292
1157,0.0005697613381521983,0.000582831451902166,0.0005719489969002705,0.0005990076924674211
1158,0.0005632793965439001,0.0006700694339815528,0.0005702248779953354,0.0005962849237024783
1159,0.0005627828994248476,0.0005417251063045115,0.0005721384075159829,0.0005965432961471379
1160,0.0005693517708116108,0.0005291201721411198,0.0005706512963347552,0.0005940144721884281
1161,0.0005900147431788759,0.0006357553752604872,0.000569115024039315,0.0005849318380933257
1162,0.0005833333316776488,0.0005358542338944972,0.0005670159953542883,0.0005825683611910792
1163,0.0005461383234554281,0.0007141293655149639,0.0005656339207560653,0.0005816082139499487
1164,0.0005964677258291178,0.0005586128658615053,0.0005628929211913298,0.0005722761377226561
1165,0.0005727369401655677,0.000523865248542279,0.0005615770691384872,0.0005729190215468407
1166,0.0005508796046746687,0.0005173477937933058,0.0005597837238676018,0.000569945513550192
1167,0.000531822233978245,0.0005356333393137902,0.0005583363929297775,0.000571808559494093
1168,0.0005488221978561746,0.0005108727107290178,0.0005562711817626324,0.0005691266948822885
1169,0.0005489552590168185,0.0005176460871007294,0.0005548464874064342,0.0005643144495785236
1170,0.000538918108989795,0.0005295358516741544,0.0005520170849437515,0.0005606654344126582
1171,0.000613618193504711,0.0005700249259825796,0.0005506034642949494,0.0005534271750599146
1172,0.0005471067343993733,0.000550046949647367,0.0005477377800089825,0.0005523172482848167
1173,0.0005489504289451158,0.0005098318227101117,0.000545244914890888,0.0005541002634447068
1174,0.0005211834425831006,0.0006037719361484051,0.0005426226370010734,0.0005494264259468765
1175,0.0005430043576699164,0.0005791736487299204,0.0005389992756587972,0.00054660719409585
1176,0.0005336570755268136,0.0005091769166756422,0.0005366605296342945,0.0005380595402326435
1177,0.0005624974124495768,0.0006946359481662512,0.0005332209677202628,0.0005342426157090813
1178,0.0005234417204175972,0.0005068103992380201,0.0005306020950044816,0.0005324159851763398
1179,0.0005406831792141828,0.0006651400518603623,0.0005283955364876117,0.0005319480139296502
1180,0.0005257052992884483,0.0005315452592913061,0.0005268470836725707,0.000531391555024311
1181,0.000538050467407124,0.00048470434499904515,0.0005244688632587592,0.0005293181174900383
1182,0.0004990262765851286,0.0004916060727555305,0.0005212596436393344,0.000526712525356561
1183,0.0005279388803238463,0.0004891129501629621,0.0005185655780084844,0.0005256794150453062
1184,0.0004911407922756754,0.0005139769369270652,0.0005146426659905248,0.0005218289388809354
1185,0.0005070301428592454,0.0005736955511383712,0.0005124517256859689,0.0005189576275646686
1186,0.0005244577959335098,0.0005189094378147274,0.0005093732961738069,0.0005175779347307979
1187,0.0004927492981207453,0.0004653734376188368,0.0005072004836078525,0.0005182849474251269
1188,0.00048766967284286187,0.0005004380189348012,0.0005045788712049316,0.0005154934971127659
1189,0.0005104786779783253,0.00046318975277245047,0.000502196859363984,0.0005141965046990664
1190,0.0005072651222710394,0.0004781994852237403,0.0004985483624273912,0.0005036308049224317
1191,0.0004957156417529202,0.0005056485126260668,0.0004964428742338593,0.0005114106959663332
1192,0.0004931109136022214,0.0005217218666803092,0.0004941539329657745,0.0005035006677731872
1193,0.000489366687510887,0.0004590367723722011,0.0004929294655021901,0.0004995504038408399
1194,0.0004687247685311983,0.0004525062837637961,0.0004922714229181617,0.0004983619759324938
1195,0.00047156646821854844,0.0005037080938927829,0.0004904182877624408,0.0004973415596876294
1196,0.0005155453930557188,0.0004737630218733102,0.000486764114883004,0.0004981064730789512
1197,0.0004923332267854776,0.0004782641667407006,0.00048473827833723696,0.0004975749618373811
1198,0.0004719896911410615,0.0004753395018633455,0.00048242997027312713,0.0004934001740999521
1199,0.0004668631284342458,0.0006214472535066306,0.00047882156716659666,0.0004930803254246713
1200,0.00047746404759689337,0.0005093873909208924,0.0004773217034836611,0.0004930138131137938
1201,0.00047410677950311865,0.0004767521063331515,0.00047527924858861497,0.0004915936341974885
1202,0.000471284989034757,0.0004304934537503868,0.0004732927940837625,0.0004901562736369671
1203,0.00047080451557930143,0.0007013076753355562,0.0004697144133064689,0.0004894616905134172
1204,0.0004834596475120634,0.0004673893470317125,0.0004673640511334977,0.000486393170664087
1205,0.0004950936126988381,0.0004327886609826237,0.00046438211851701554,0.00048271184852346783
1206,0.0005215994028064111,0.0004549936472903937,0.0004622317408004568,0.00048284755288623273
1207,0.0004526978976921075,0.0004660956666339189,0.00046177264334013057,0.000480565389804542
1208,0.00043658455833792684,0.0005082357849460096,0.00046152474240710334,0.00047675306939054274
1209,0.0004404948786314991,0.0005006891558878123,0.0004574360762360609,0.0004749463130487129
1210,0.0004493224412565016,0.00046932585770264267,0.0004540827136228068,0.0004722156663192435
1211,0.00043424771827024717,0.0005109132209327072,0.0004527237332917543,0.0004697071247966959
1212,0.0004552527060473545,0.0004637106298469007,0.00045114105665901055,0.00046151416113134465
1213,0.0004366083004667113,0.00046493354602716863,0.0004485125968931243,0.000457619058783166
1214,0.0004608173153570129,0.00042725573875941337,0.00044541376004668165,0.00045398960723541665
1215,0.0004178056028386992,0.00046083490713499486,0.00044382244374396076,0.0004524557867553084
1216,0.000436956587428641,0.0004289355163928121,0.0004423339658985949,0.00044154795566573733
1217,0.00041856259819016687,0.0004296888131648302,0.00043921885235338574,0.0004392951231449842
1218,0.0004356072445969201,0.00046242938144132496,0.00043628926760413576,0.0004368639461928978
1219,0.0004572473320230428,0.00039545220672152935,0.0004311534287925395,0.00043675679594743996
1220,0.00046536894489286677,0.0004084000835428014,0.0004284064738235126,0.00043309188373386856
1221,0.00041332873877965743,0.0004285941133275628,0.00042706764582027166,0.00042814051166642454
1222,0.0004084991614541246,0.00040999799850396815,0.0004253726269247838,0.0004304776657605544
1223,0.0004380151828647488,0.00041262596379965544,0.00042481043978801207,0.0004301113930298016
1224,0.0004272962126156522,0.00041662316187284886,0.0004232518017705944,0.00043060134749393913
1225,0.0004117525534497367,0.0004120098322164267,0.00042163926312286,0.00043058503686916087
1226,0.0003966358583420515,0.00038601581763941795,0.00041963814274511413,0.0004265430774306879
1227,0.0004315020814667352,0.0003921479417476803,0.00041680704023068163,0.000424324272829108
1228,0.0004335925694451564,0.0004286118980962783,0.00041505818733324613,0.0004235559425083921
1229,0.00040558180888183415,0.0004110685340128839,0.00041223183819868916,0.00042031648135744046
1230,0.0004218539939675894,0.000372009237180464,0.0004109773491638609,0.00041738208455499267
1231,0.0003932034325165053,0.00045231489115394653,0.0004100973866284929,0.00041274130099918705
1232,0.00038402402346643307,0.0003744728612946346,0.00040682387312408535,0.00041362563853617764
1233,0.00040311385825690297,0.0003844514832599089,0.0004029340160182781,0.0004121688853949308
1234,0.0003981194062443036,0.0005591180082410574,0.00040196209955546593,0.0004121208774857223
1235,0.00043526776283720717,0.00046016903943382206,0.00040086451860972576,0.00041476543894968925
1236,0.00039528176783480576,0.0005231620825361461,0.0003995694220583472,0.00042062516454607245
1237,0.0004149392398539931,0.0004633028642274439,0.0003975723047921848,0.00041763819723855705
1238,0.00038658029102306397,0.00036388456006534396,0.0003957468838948343,0.0004216210039099678
1239,0.0003900397524961995,0.00037178562371991574,0.00039417072041995,0.00042267738380469386
1240,0.0003740842804028135,0.00044162664911709723,0.00039390015108510854,0.00042111875931732354
1241,0.0003662978590647173,0.00034794898761902004,0.000391107681973113,0.00041973694630432877
1242,0.0003872003723194616,0.0003563288931036368,0.00038949773607051204,0.000416199012985453
1243,0.00041360818121271827,0.00034640979254618287,0.00038677870373552044,0.0004242109023733065
1244,0.000375409494412856,0.0004175606451462954,0.0003847651657803605,0.00041961400813888763
1245,0.0003681225172476843,0.00037198125501163303,0.0003830203901562426,0.0004188199340598658
1246,0.00038903082720935343,0.0004273939155973494,0.00038077584727563797,0.0004174329334171489
1247,0.000381059637810621,0.0004761120351031423,0.00037844420343171806,0.0004087393946014345
1248,0.00040563776908028457,0.0005591191037092358,0.0003749417400091059,0.0004028776850784197
1249,0.00037736828096159215,0.00034194897918496284,0.00037241570344712175,0.00039577536152210084
1250,0.0003661170310159731,0.0005115799990016968,0.00037077620139655976,0.00038991392259486013
1251,0.00035723177146994403,0.0004124253150075674,0.0003689846585970373,0.00038991925059817726
1252,0.0004247378480956993,0.000353182329563424,0.0003673134307144211,0.0003898317013867199
1253,0.0003637808416452673,0.00039406657277140766,0.00036759952473350695,0.0003854198946617543
1254,0.00036533316131681203,0.00032262020104099063,0.00036589205282378114,0.00038421141610015176
1255,0.00035387818559279874,0.0005723064718768001,0.0003641144852748969,0.00038178325484041116
1256,0.00034286498363750675,0.0003373925352934748,0.0003612796548728106,0.00038005229244008655
1257,0.00034040463286348513,0.00035462100931908934,0.00035877504838475327,0.0003846111116930842
1258,0.00034700028624178633,0.00034977646719198675,0.00035705710441753677,0.00038128463795874265
1259,0.00033982831014630694,0.0003417795378481969,0.0003548986783251166,0.000380744604812935
1260,0.00034770617727190254,0.00031362630135845393,0.0003523292950095815,0.00037371976450085645
1261,0.0003321308537852019,0.0003456039936281741,0.0003488649524618975,0.0003632964541902766
1262,0.00037395168858994214,0.0003167668910464272,0.00034829074895112883,0.0003665064694359899
1263,0.00034179172103500203,0.0003640177601482719,0.0003458137767596377,0.000358391296886839
1264,0.0003482590554307939,0.00036959689343348147,0.00034424800423698296,0.00035333506087772547
1265,0.0003812366308799634,0.00033133148099295795,0.00033994175252090726,0.0003514419844374061
1266,0.0003236110613215715,0.0003177370235789567,0.00033735617412668136,0.0003494551319396123
1267,0.0003427611835973544,0.00029562486161012204,0.0003356311593877359,0.00035082718995399774
1268,0.0003427374211605638,0.00030313573253806683,0.00033374022444606656,0.000340516564832069
1269,0.0003127943322114233,0.0005315311264712364,0.00033251182102701733,0.000337974042724818
1270,0.0003251739180672707,0.000288819411653094,0.0003304560707493996,0.00033651073463261124
1271,0.00033507017489884874,0.0004138930869521573,0.0003287067974012138,0.0003337404722813517
1272,0.0003168250549222446,0.0003004910273011774,0.00032683700350915186,0.00033305194668937474
1273,0.00031902920538818256,0.0002985363459447399,0.0003243097131075855,0.0003349845566088334
1274,0.0003630131931923744,0.00042219936032779516,0.00032356873024643097,0.0003315993094816804
1275,0.0003041927262286966,0.0003087006852729246,0.0003220439646328386,0.00033338163506705314
1276,0.0003180874584035741,0.00028601941477973013,0.000320096282776083,0.0003297104709781706
1277,0.0003170815551938075,0.0003058554185554385,0.00031865303335944196,0.0003258775747846812
1278,0.0002991413817896197,0.0003443952603265643,0.0003148095590954957,0.00032588148370850834
1279,0.0003222077928431746,0.0003569216514006257,0.0003148237265633522,0.0003261017145123333
1280,0.0003066048120510661,0.00031454084382858126,0.00031327620442154715,0.0003282345705432818
1281,0.00031215489816127553,0.0002738294826122001,0.0003107922466614076,0.0003267695499584079
1282,0.00028901087592304164,0.0003180383070139214,0.00030951590163814317,0.0003157824511872605
1283,0.00030326845253714256,0.000280519908410497,0.0003076355268570801,0.00031512973299250007
1284,0.000293083462844758,0.0003245663980487734,0.0003056782761498147,0.00030869847617577756
1285,0.00028452391723274355,0.0003619415493449196,0.0003045065588770537,0.00030668281631078564
1286,0.00031360628225633665,0.0002609728154493496,0.0003025432239273666,0.0003057266869815066
1287,0.0003358325482501338,0.0003613250306807458,0.0002997957430870479,0.000298460708069615
1288,0.0002930996746161125,0.0002722386579262093,0.00029906770172658274,0.00030295234122313557
1289,0.00031217782001476737,0.00027377448859624567,0.0002967869079658865,0.00030126744722947473
1290,0.00028514977428130807,0.00033142920408863575,0.0002962126626490822,0.00029865359971299765
1291,0.00032396524801798577,0.00032324279367458076,0.00029501194277545436,0.00029529892166610806
1292,0.0003040731300522263,0.0003489462623838335,0.0002931650065441823,0.00029120007683523
1293,0.000280638477157077,0.0002665102179162204,0.0002921172966107002,0.0002893801415106282
1294,0.00028088570662981107,0.0002568536571925506,0.00028966793852935863,0.000289955958747305
1295,0.00027816454854069487,0.00027250145678408443,0.00028906410188905693,0.00028779748610686517
1296,0.0002861389072172137,0.000253111666534096,0.00028765641991178407,0.0002879368915455416
1297,0.00028753212310322045,0.0002500995306763798,0.0002860804420249123,0.00028735295275691893
1298,0.0002699458316460045,0.00027463311271276326,0.00028478381166027647,0.00028285153256729244
1299,0.00029432617218440603,0.00024054988753050566,0.0002827685423376453,0.0002822311614174396
1300,0.0002859916922170669,0.0004209915141109377,0.00027961943932653717,0.0002766157387988643
1301,0.0002610676143861686,0.00024389706493820995,0.00027815057283474346,0.0002754607777111233
1302,0.00030272542227370044,0.00024050923064351082,0.00027584774387845153,0.00027430945658124984
1303,0.00026912338494892334,0.0002605283091543242,0.00027450804016811565,0.00027227766423020515
1304,0.0002760343870613724,0.00025445053062867374,0.0002722277768033867,0.0002760631914250552
1305,0.00028041206371401335,0.00026904246071353556,0.00027021669987201065,0.00027081864473875607
1306,0.0002509209461277351,0.00028822491352912036,0.000268992060866569,0.0002708894673502072
1307,0.00027391495991549973,0.00026407649100292476,0.00026769467745778254,0.0002705371363321319
1308,0.00026807640310532105,0.0002840050443774089,0.00026716211402348975,0.000268504724628292
1309,0.00025368401567296434,0.00030996792833320796,0.00026543233222974883,0.00026824665851891044
1310,0.00025210815811684977,0.00024940604460425673,0.000264019668132015,0.00026686570476740603
1311,0.0002632245491905552,0.0002454635367030278,0.0002639731076119157,0.00026553345895372337
1312,0.0002571049729724311,0.00022093946521636098,0.00026225846210468765,0.0002643444511340931
1313,0.0002563780123212685,0.00024336463073268533,0.0002606082868413068,0.0002560146081494167
1314,0.00025460709610746965,0.0002449914603494108,0.00025928932742034605,0.0002545689443359152
1315,0.00025165718152291244,0.0002806343953125179,0.00025641636860220587,0.0002588679824722931
1316,0.0002669586638997619,0.0004178809735458344,0.0002550601725867535,0.00025676074058283125
1317,0.00025379620676782604,0.0002178325952263549,0.0002532793110559901,0.00025908726423513146
1318,0.0002500225020210362,0.00026828078320249914,0.0002517804057583109,0.000256959740142338
1319,0.000248451121410148,0.0002480453817406669,0.0002513097411034525,0.0002545234021032229
1320,0.000264850462683373,0.000221691164188087,0.000249265262157294,0.0002522393649443984
1321,0.00024289436237369147,0.0002466600137995556,0.0002473609269544896,0.00024941164738265795
1322,0.00025221552065987553,0.00021557568688876927,0.0002462880519011782,0.0002457740766811184
1323,0.00026878181864352276,0.00024132696737069636,0.00024578656940462274,0.0002458592601935379
1324,0.00025146003450370497,0.0002108246920397505,0.0002443511153752398,0.00024403780309949073
1325,0.0002447373106325459,0.00021274543949402868,0.00024258578264723635,0.00024291772909928119
1326,0.00022809362886214835,0.00020775546960067004,0.00024178275103008167,0.0002408910625614226
1327,0.0002309014518201972,0.0003479851840529591,0.00024137448033369663,0.00023985048048198225
1328,0.00023521848456261473,0.00020784726191777736,0.00024017964797870566,0.00023775981960352512
1329,0.0002315128487922872,0.0003126136219361797,0.00023788842708389793,0.00022914533852599564
1330,0.00024293943127203318,0.00021585435839369894,0.00023673798089407177,0.00022838015630841254
1331,0.00023915432975627482,0.0002273164625512436,0.00023574884939654212,0.00022568202435504646
1332,0.00022280298626153834,0.00020697556203231216,0.00023546337337207256,0.0002237290678313002
1333,0.00022046802303520962,0.0002133121053338982,0.00023329962782380688,0.00022318250732496377
1334,0.00022686213934017965,0.00021902866079472007,0.000232505311003317,0.00022130602614488454
1335,0.00023957109570296275,0.0002515356324147433,0.00023138470085492976,0.0002208659815019928
1336,0.0002273381984559819,0.00019992710935184732,0.00023046457472567755,0.00022493215292925014
1337,0.00021297165477234456,0.00019293761521112175,0.00022911957068006615,0.00022661215445259587
1338,0.00023630222189240156,0.0001926979672862217,0.0002278088721110382,0.00022590173607459294
1339,0.00024440032869784366,0.0002189769083634019,0.00022805835401587605,0.0002279067837982439
1340,0.00022178637264813814,0.00022836787335108965,0.00022682436603612994,0.00022114807520993052
1341,0.00020967814152956837,0.00020251894660759716,0.00022623019276523138,0.00022234456688165666
1342,0.00022503505202217235,0.0001987030397867784,0.0002251271275454201,0.00021887787920422854
1343,0.00022529421458279507,0.00020082748436834664,0.00022406526457958132,0.00021791284859646112
1344,0.0002413142207984088,0.00019922146864701063,0.0002231440074599555,0.00022713749660179018
1345,0.00021075682397673112,0.0002080271515296772,0.00022350174804192249,0.0002260561676463112
1346,0.00022303644186144486,0.00019974798429757358,0.00022265895339142948,0.00022553331482922656
1347,0.00022420026695019462,0.0002045745708164759,0.0002220665981592093,0.00022407038897508753
1348,0.0002457786654122174,0.0003429812530521303,0.0002203276887135063,0.0002230337720015086
1349,0.00021783493336341862,0.00025282473012339324,0.0002196039420487877,0.00022200963699724524
1350,0.00021196984640684807,0.00019498498004395516,0.0002192010045724197,0.00022146618536207825
1351,0.00023433067648309387,0.0002578816626919434,0.00021830766159885876,0.00022182996149640527
1352,0.00020005175232654438,0.0001790174693451263,0.00021715516963352762,0.00022850698709953572
1353,0.0002203641527901507,0.00023775955371093004,0.00021565594402426442,0.00022676416935864832
1354,0.00020393621829700552,0.00022594643000047653,0.00021519109728073495,0.000226297276513651
1355,0.00021639285712606377,0.00019172859319951385,0.0002137464890955016,0.00022672736807726322
1356,0.00021612290176562966,0.00045793266268447043,0.00021288198438317824,0.00022605410397518423
1357,0.00023174650081071174,0.000179942338145338,0.00021097364070980494,0.0002285354738589376
1358,0.00019939815677288506,0.00020024078490678222,0.00021028847783907418,0.0002268536493880674
1359,0.0002120532585346761,0.0001824555144412443,0.000208767670359359,0.0002269161578500643
1360,0.000196098359560387,0.00022562020807527007,0.00020781201815310243,0.0002253896678215824
1361,0.00020924453183801637,0.00017432373424526305,0.0002055209285851257,0.00021804980093147603
1362,0.00020289821786314457,0.00017935132433194667,0.0002052274806800091,0.00021473093224922194
1363,0.00021396864755337852,0.00020179237064439802,0.00020434106848487213,0.00021644261555047706
1364,0.00021558802956456524,0.0003859025484416634,0.00020244621132991993,0.00021248294048709795
1365,0.00018430573241655818,0.00018479742982890456,0.00020184445936594983,0.00021214004433713855
1366,0.00019805697294133197,0.00019084662548266352,0.0002003330450802524,0.00020900894984370098
1367,0.0001889198473913388,0.00020945532887708395,0.00019973633494616176,0.00020719447202282025
1368,0.00020368159677471137,0.00018399588181637229,0.0001986398727620124,0.00020689552900148554
1369,0.00019360562896407726,0.0002612557157408446,0.00019721753176353457,0.00019524451078614216
1370,0.00019362775220846135,0.0001659815397579223,0.0001951589089844169,0.00019568479204317552
1371,0.00018501625486856533,0.00020131069584749639,0.00019470564250368625,0.0001960377269773744
1372,0.00020030896179378031,0.00016641232010442764,0.0001937055901080991,0.00019586720698280257
1373,0.00018850142621280004,0.00015948458079947158,0.00019370961592843138,0.00019349762214114884
1374,0.00021049873573550333,0.0001698530130670406,0.00019368928962956288,0.0001927471717819571
1375,0.00018980954152842362,0.00023777706257533282,0.00019293587048046498,0.00019692295186687258
1376,0.00018695924760928997,0.00015888978610746564,0.00019205878127443913,0.00019725936774630097
1377,0.00018500795322729067,0.00017044506559614093,0.00019090964262658317,0.00018855702147120608
1378,0.0001825787956477143,0.0001594821913749911,0.00019085247307601901,0.0001920386158279143
1379,0.0001890184649447393,0.00018058448447845875,0.00019003627914676647,0.00019173740769037976
1380,0.00018898130252232982,0.00018425501766614616,0.00018956312566038427,0.0001893967453041114
1381,0.00018056437680368415,0.0001666572073008865,0.000188584772131354,0.00018903691858286037
1382,0.0001802809313327695,0.0001909493695711717,0.0001878148175556109,0.0001866265253047459
1383,0.00018806649475461908,0.00020906415826175363,0.00018740402885790292,0.00019010249575367196
1384,0.00018705194864499693,0.00017819251457694917,0.00018724820219407167,0.0001879165775841102
1385,0.0001961990050686937,0.00016638058703392745,0.00018588090714701037,0.00018827811335213484
1386,0.00020873637436630413,0.0001555624752654694,0.00018604598103362757,0.0002001001486205496
1387,0.00018406273913569747,0.00028374582645483313,0.00018489971997591461,0.00019922044045524674
1388,0.0001920414174027327,0.0002102027676301077,0.0001838358748490767,0.00019572804560884834
1389,0.00018685956336816567,0.00016834389156429098,0.00018335248823989078,0.00019552231733687222
1390,0.0001828764936524547,0.00027183728874661026,0.00018242401453963896,0.0001998325658263639
1391,0.00017765212471001885,0.00018331642204429954,0.00018260145238794696,0.00019990357171045618
1392,0.0001770910102317834,0.00015093876922037453,0.00018208730609169127,0.00019863301458535718
1393,0.00017922275854895513,0.000175000213785097,0.0001812277087094521,0.0001980454335338436
1394,0.00017435676457049946,0.00020099588378798218,0.00018180953741733297,0.000200587842206005
1395,0.00018335803476576175,0.0002528808009810746,0.0001818457705634905,0.00020168573166010902
1396,0.0001811205882727841,0.00014666274160845204,0.00018263873000978493,0.0001999835328781046
1397,0.00016612658561724757,0.0001754507143050432,0.00018203788610472762,0.0001988451928482391
1398,0.0001926282733782298,0.0004550354625098407,0.00018032056528285875,0.00019847073341952635
1399,0.0001818422092926792,0.00014786030893446878,0.00017879926463032868,0.00019931319104507565
1400,0.00016321341335747599,0.00015046719141537324,0.00017763373199656298,0.0001944457914913073
1401,0.00017487458237964247,0.0001537465793080628,0.00017677768800058403,0.0001921261449577287
1402,0.00016179611072099457,0.00027820127783343194,0.00017627049316716798,0.00019149184516863895
1403,0.0001870147418554148,0.00016125733847729862,0.00017614489595159995,0.00018970410063629968
1404,0.0001761648075383467,0.00014882055635098368,0.0001768469648894906,0.0001882040883414447
1405,0.00016749136796635059,0.00016956549137830734,0.00017725448171000205,0.0001876726747956127
1406,0.0001951100945007056,0.00023021742410492152,0.00017639224671099025,0.0001863348280545324
1407,0.00018118675998670774,0.00021839660592377186,0.00017642055634577343,0.00018699540682137012
1408,0.00020789048091198007,0.00016650918871164322,0.00017554399008384077,0.00018230053816223517
1409,0.00017203085101856334,0.0001497340138303116,0.00017523299508805698,0.00018274964117445054
1410,0.00015326598452197182,0.0001570191013161093,0.00017512969726619001,0.00018256494887173175
1411,0.000170703858053053,0.00017662391590420157,0.00017453168184599943,0.00017975189690478148
1412,0.00015492442329155488,0.00016206083761062474,0.0001753613458622971,0.0001803434088244103
1413,0.00017064031750325942,0.00015221160429064186,0.0001752070039640077,0.00018171782412100584
1414,0.00017417969253276372,0.00015248639683704824,0.0001745771237558478,0.00018192757267970592
1415,0.00017973656326325402,0.0002271436754381284,0.00017452686049768495,0.00017708067714702338
1416,0.00019520384815728499,0.00014581611467292532,0.00017332806738688507,0.00017622037671972065
1417,0.00018727893074457015,0.00013765343057457359,0.00017226724545471372,0.00017594076255336404
1418,0.0001576668835736604,0.0001415540452580899,0.00017214871641093246,0.00017541075474582614
1419,0.0001750645054400795,0.00021751035295892508,0.00017102387428749355,0.00017216863215435298
1420,0.00016144387821744507,0.00013550908450270073,0.00017060657256451025,0.00016881588936084883
1421,0.00017334571337818892,0.00015789031691383572,0.0001691620789836937,0.0001725915359449573
1422,0.00016354414007057334,0.00017083340673707426,0.0001685858936922159,0.00017353790419874713
1423,0.0001776778878734654,0.00038470916333608327,0.00016858142268675797,0.00017335516036255286
1424,0.0002025838097001219,0.0001626481069251895,0.00016903023354049461,0.0001725847970461473
1425,0.00015935486590024084,0.00018482757383026183,0.0001689748140045493,0.00017173413055716083
1426,0.00015912757717564496,0.0001589902932755649,0.00016852319378004823,0.00017117422678275033
1427,0.00016053952926692243,0.0001570288895163685,0.00016804718642767205,0.00017030848688445987
1428,0.000157044914085418,0.00013974982779473065,0.00016794699436221787,0.00017223272190894934
1429,0.0001496442592340625,0.0001418302021920681,0.00016669552151773434,0.00017149383717915046
1430,0.00016452814187181906,0.0001563152961898595,0.00016555088069742648,0.0001711417459649965
1431,0.00016698904141473274,0.00014916435931809248,0.00016545239627658806,0.0001711153883836232
1432,0.00017075421691212494,0.00013457803608616815,0.0001648829558883639,0.00016793488709954547
1433,0.00017177814139156705,0.00026090035331435504,0.00016478043641416463,0.00016772314888658003
1434,0.00015762621873161858,0.00017339322017505764,0.00016491545012492376,0.00016639932764228433
1435,0.00015315420938552253,0.0001524505054112524,0.0001644836506230705,0.0001663059528451413
1436,0.00018192412939647005,0.00015736483299406246,0.000163378890235779,0.0001559344566194341
1437,0.00015353893489292305,0.00014079417538596318,0.0001610379171848763,0.00015622109118849041
1438,0.00015934981189073168,0.00013821400993037968,0.0001618303695415509,0.00015409607065375896
1439,0.00016227950872335997,0.0001308428993797861,0.0001615408730195163,0.00015265114336507398
1440,0.00017723176162689924,0.000275249551050365,0.00016122583128421364,0.00015125154486158866
1441,0.00016391702704519654,0.00012734399642795325,0.0001613143444792109,0.00015491570899030195
1442,0.00015866291023687357,0.00012885115022072567,0.0001621236903301906,0.00015833368370076642
1443,0.00015520477305269904,0.0001408951057237573,0.00016186348067583623,0.00015695727069396526
1444,0.00016082849573447472,0.00013799782085698097,0.0001610888906437645,0.0001565277783665806
1445,0.00015888089136246384,0.000130215629178565,0.00016070909419019393,0.0001575343022006564
1446,0.00017672105614716807,0.00012479478580644355,0.00015949734350821618,0.00015195789489662277
1447,0.00015274915252424157,0.0001684990368084982,0.00015944923261542696,0.0001552246686886065
1448,0.00015005887819117763,0.00012542175769340248,0.00015963117068943874,0.00015421707844361665
1449,0.00014405948342755437,0.0001698139711515978,0.0001581518335875848,0.0001585831286502071
1450,0.00017916617481710597,0.00013170206046197563,0.00015810503247711393,0.0001586606135824695
1451,0.0001518901641247794,0.00012286711105844006,0.00015803353483141917,0.0001589438317809254
1452,0.000152663485884356,0.00012203892692923546,0.00015729308509811136,0.0001585310948546976
1453,0.00015925774396034992,0.0002313539310125634,0.00015581738187724517,0.00015302198927383867
1454,0.00016987790550855505,0.00022727956995368003,0.00015516438788165237,0.00015272064324235542
1455,0.0001580229005129594,0.00012190497101983056,0.00015540523532803896,0.0001543890553060919
1456,0.00014762429061294016,0.0001384270511334762,0.0001550221410178993,0.00015344992011087015
1457,0.0001612593055728616,0.0001597411319380626,0.00015436478087471592,0.00015572437749942762
1458,0.00014148437434212407,0.00012149017071351409,0.00015361057256943443,0.00015564594866009426
1459,0.0001564234464118878,0.00025506256497465074,0.00015265421961925717,0.00015535612124949693
1460,0.00015770266123581677,0.00012726074928650632,0.00015333723733848372,0.00015496476003900168
1461,0.0001449407018501208,0.00026651608815882356,0.00015385172201786185,0.00015550289794337004
1462,0.0001523689071311512,0.00014273129869252444,0.00015507450237508034,0.000154980288608931
1463,0.0001575623707483626,0.00014529446489177644,0.0001539836042146716,0.0001548704378423281
1464,0.00014376826539066516,0.00012052447622409091,0.00015390770089450398,0.0001591645778855309
1465,0.00014033918110524407,0.00013752191152889283,0.000153740701578661,0.00015964576607802885
1466,0.0001475921771553759,0.00011981034564087167,0.0001530314189511248,0.00015573991829296574
1467,0.00016468409639653852,0.0001705614518141374,0.00015211536092813027,0.00015131164807826282
1468,0.00014562741529920863,0.0001174167258432135,0.00015221248649241822,0.00015701861254638062
1469,0.00014439449215488922,0.00019485925557091832,0.00015213206211337822,0.00015803513386053968
1470,0.00014002568373042677,0.0001282549081952311,0.0001519822808616381,0.00015619938411982732
1471,0.00015281223239273662,0.00011754910054150968,0.00015163784397559035,0.00015918747844407335
1472,0.00016982459550490603,0.00015871500654611735,0.0001516959281767615,0.00015693389008520172
1473,0.0001629209951756315,0.00013887520530261099,0.00015096543956185792,0.00015725322421640157
1474,0.00017462899235801564,0.00015674873779062182,0.00015140691097153142,0.0001511622553458437
1475,0.00015189372080688676,0.00012895579129690304,0.00015107065206652298,0.00015198308795224874
1476,0.0001499925811205887,0.00023022061213850975,0.0001506557901170001,0.00015070990124950185
1477,0.00014848850298828135,0.00013406863174168394,0.00015046638578383457,0.0001503967444761656
1478,0.00014152567827194516,0.0001337077363859862,0.0001515102159813978,0.0001494557435507886
1479,0.00014697645493369136,0.00011657281458610669,0.00015171134794363754,0.00014925517085939642
1480,0.00016045103962015775,0.00026457908272277565,0.00015052454118591013,0.00014953076078090815
1481,0.0001456136811369409,0.0001638400839874521,0.00015120962380250506,0.0001505378370755352
1482,0.0001575147742793585,0.00011384738842025399,0.00015149109532487477,0.00014974693864351139
1483,0.00013287345219093066,0.0001961925288196653,0.00015130206919533926,0.00015070843477733435
1484,0.00015787555144116696,0.00019872285600285977,0.0001507752732360839,0.00015277960696257655
1485,0.00013944044586322788,0.000135244102566503,0.00014925984667044963,0.00015127788722747937
1486,0.00015597748709195812,0.00011424186639487744,0.00014847604995205378,0.00015048995605902745
1487,0.00014396243450594032,0.00016325211385264992,0.0001471016164390474,0.00015788357726996763
1488,0.0001471908220102907,0.000113464797323104,0.00014764895818273848,0.00015861367190955208
1489,0.00013903315706152676,0.00011269555689068511,0.00014735394248402574,0.0001551594532909803
1490,0.00016643493604432378,0.00011399688839446753,0.00014703019716673428,0.00015415193529333922
1491,0.00015262047621136945,0.00011479602835606784,0.00014730063475564952,0.00015398735343478625
1492,0.00013501392745335277,0.00017745119985193014,0.00014765507415350943,0.00015408307836623866
1493,0.00016275448071408188,0.0001425936332088895,0.0001466646275521877,0.00014795302352868024
1494,0.00015143128021413254,0.00017508679477032274,0.00014608802873537774,0.00015173147832974796
1495,0.0001353000304920392,0.00015229231154080482,0.00014558809180743992,0.00015273384345928208
1496,0.0001396423334113529,0.0001693284051725641,0.0001459425386519999,0.0001492563286330551
1497,0.0001319389313640487,0.00012117201316868886,0.0001449459773527148,0.00014572036956669765
1498,0.0001433260772157357,0.00011917692609131336,0.0001449028256853732,0.00014514535199850799
1499,0.0001402681545328556,0.0003415892680641264,0.00014378170904496483,0.000144908280542586
1500,0.00016557726439916424,0.00014720815728651358,0.00014313376923867814,0.00014279946455499157
1501,0.00014261718865277037,0.0001438651466742158,0.00014220573503084273,0.00014260728203225882
1502,0.00014039487005599463,0.00010888068180065603,0.00014174207005805025,0.00014267344622639943
1503,0.00014828661799482588,0.0001295931899221614,0.00014037590486760664,0.00014372714805649595
1504,0.00015583743988018897,0.00011896593787241727,0.000140093586558295,0.0001433976685162634
1505,0.0001356898745871149,0.00011132771178381517,0.00014051527959980175,0.00014094485582318158
1506,0.0001311987107166917,0.00025830145401414486,0.000139265224668068,0.00014162631441140547
1507,0.0001450163510809135,0.00013890651665860788,0.00013858371227785636,0.00013901076056063174
1508,0.00014173462330493042,0.00010925465816399083,0.00013908816466379602,0.00014461214293260124
1509,0.0001329615189590388,0.00011032387934392318,0.00013895125811492717,0.00014209051977377384
1510,0.00013836165417968813,0.00012086866336176172,0.0001395529266660257,0.00014310107250930742
1511,0.00012794957108174762,0.00010831507999682799,0.00013915939432659392,0.0001443549341405742
1512,0.00012776393934877382,0.00011053171416278928,0.00013862283067040456,0.00013493152314331385
1513,0.00012398996681440622,0.00010866023425478489,0.00013780256068631491,0.00013566532171098517
1514,0.00012744153274171468,0.00011434966174419969,0.00013825549764830307,0.00013473532161442563
1515,0.00013228080628323367,0.0001403394341468811,0.00013761383363938268,0.00013472964016254994
1516,0.00014556251847857817,0.00010655903985025361,0.00013741427065170781,0.0001362732134293765
1517,0.00014555625349102128,0.00011613088252488524,0.0001371044473509149,0.00013591584947425872
1518,0.00013150310742073796,0.00015963009791448713,0.00013646297998946264,0.00013556286859093235
1519,0.00013439347045884157,0.0001096979485009797,0.000136489466458766,0.00013406630136305467
1520,0.00014791134014053062,0.00029232687084004285,0.00013626111908557098,0.00013662264794111253
1521,0.0001362196696896313,0.00010628782620187849,0.0001365048837240061,0.00013694567909697068
1522,0.00014698064514151256,0.000146435831557028,0.00013692743706568663,0.00013684190319618208
1523,0.0001334877687299417,0.0001505234668729827,0.00013661811532995975,0.00013633351876633242
1524,0.0001268540631281212,0.00010600399313261733,0.00013689186468642827,0.00013628926461096855
1525,0.0001450705147969226,0.00016555312147829683,0.0001368798716679319,0.00014241705881431698
1526,0.00015394061270247524,0.00012061514426022767,0.00013719469953794034,0.0001423909031553194
1527,0.00012435326983298485,0.00010873864550376311,0.00013726442987616692,0.00014207423402694985
1528,0.00014329754330295449,0.00016818252159282566,0.00013770995265092805,0.00014054081003414467
1529,0.0001480918573603655,0.00011003183899447322,0.00013736891876970833,0.00014396100000012667
1530,0.00011965319055080827,0.00010250318970065563,0.00013745765808723969,0.00014580695757176725
1531,0.00013186087244927572,0.00022088727331720292,0.0001375642832394482,0.0001460537549806759
1532,0.00013930766675103868,0.00020281518111005424,0.00013796559430581207,0.00014683340433984995
1533,0.0001478287392658078,0.00011733043706044555,0.0001371492659052213,0.0001403783317655325
1534,0.0001435253525010517,0.00010772948182420805,0.00013703290694522567,0.00014207822299795226
1535,0.0001306286107865162,0.00010815905261551961,0.0001364994820000397,0.00014176063175546006
1536,0.00013479330499346058,0.0001072087261127308,0.00013646354539863147,0.00014011984359240163
1537,0.00012746411388636462,0.00026372656924650073,0.00013719696994974383,0.00014158167281420902
1538,0.00013186066356461702,0.000108006342779845,0.00013668012051558536,0.00013969195850659164
1539,0.00012918479119737944,0.0001064329335349612,0.0001356142043446501,0.00013944355195853863
1540,0.0001434188756522619,0.00010200383432675153,0.00013597092257502176,0.0001392229682183825
1541,0.00013703667144808503,0.00019206378899980337,0.0001356387027267677,0.00013992043094476688
1542,0.00014777473642930595,0.0001622798218159005,0.00013530619517744828,0.00014034860102692622
1543,0.00013416873622595126,0.00016580003313720226,0.00013497841046191753,0.00014173570849234236
1544,0.00014442624711793743,0.0001291891824803315,0.00013449488653245173,0.0001379537226166576
1545,0.00012750313012576146,0.00013095005648210644,0.00013349864114295794,0.00013439770155819134
1546,0.0001333106956897407,0.00014878510701237245,0.00013247131516755972,0.00013441101245116442
1547,0.00013364502151186268,0.000138496050494723,0.00013150450542194044,0.000134429097850807
1548,0.0001325893536947357,0.00010950376279652119,0.0001313887145518998,0.0001344943140866235
1549,0.00014518967690593045,0.00014254972367780283,0.0001315033978595036,0.00013731118366122247
1550,0.00013214927894296126,0.00011831026378786191,0.0001315396111038151,0.00013181431024568156
1551,0.000127292708429094,0.00011440498055890203,0.00013138695366150284,0.00013586734539130702
1552,0.0001332712255922767,0.00010322405199985951,0.00013154022808432473,0.0001356475556269288
1553,0.00013499204709660262,0.0001856190897524357,0.0001306349479625674,0.0001354880731087178
1554,0.00013977916862738008,0.00012073609104845673,0.00013049614499129045,0.00013176187038188802
1555,0.00011145857266253895,0.00013718087633606045,0.0001298437505540076,0.00013069610226666556
1556,0.0001197727742126315,0.00012633762642508373,0.00013039503629681552,0.00013054861124837773
1557,0.00011440153201369362,0.00011391465464839712,0.00013070678864864427,0.00013147290761116894
1558,0.00012214558988085224,0.00011766320938477292,0.00013081150943827294,0.00013008431758498772
1559,0.0001193551088605697,0.00010818161681527271,0.00013078721534822964,0.0001305628646747209
1560,0.00012773383903549984,0.00010978945851093158,0.0001303743236711145,0.0001301901273196563
1561,0.0001376603876835563,0.000177630465477705,0.000130115190483371,0.0001327507118228823
1562,0.00012836944499415242,0.00012630473385797815,0.00012902587352372292,0.00013235770523315296
1563,0.00012804422750681017,0.0002093322214204818,0.00012873459447227005,0.00013167804392287508
1564,0.00013301665176792692,0.00010093818942550569,0.0001288113663555123,0.00013101647263392806
1565,0.00012078687260832844,9.801677137147636e-05,0.0001286160420742817,0.00013265283874934537
1566,0.00013356659716616073,9.890872082905844e-05,0.0001295723286599645,0.00013018564510857686
1567,0.00013146487549723436,0.00013563561893533915,0.0001285958129628044,0.00013151485443813724
1568,0.00014795087979614942,0.00016211275768000634,0.00012902951746428796,0.00012992886654101312
1569,0.00015222005591365611,0.00015229659155011177,0.0001289143574449958,0.00013045053307432679
1570,0.00013012114986647955,9.623530582757667e-05,0.00012913143312584402,0.00012988660420523953
1571,0.0001327033434386572,0.00016074878425570205,0.00012919989001368068,0.00012895057622808962
1572,0.00012332272958398487,0.00012917761661810801,0.00012943954356855504,0.00012948162271641197
1573,0.0001261110240011476,0.00017351837537717075,0.00012939367100480012,0.00012909283890621736
1574,0.00011795675291472839,0.00013272455893456936,0.0001290467301713458,0.00012951494372682646
1575,0.00012486730265663936,0.00010131873103091493,0.0001300896593350141,0.00012869183561997489
1576,0.00012921200551015014,9.786569833522663e-05,0.0001299553892348841,0.00012408892257371922
1577,0.00012838811856151247,0.0001441332048852928,0.00012890979422502117,0.0001238690906087868
1578,0.00015889921173867252,0.0001239392487332225,0.00012963819703436455,0.00012378331798827276
1579,0.00011536627619837722,0.0001539663242874667,0.00012892937736469322,0.00012425890222657473
1580,0.0001223011851996287,9.753117890795693e-05,0.0001285042975925737,0.00012336922466056423
1581,0.00011689377373032686,0.000139379289757926,0.00012723033111283763,0.00012091192142106596
1582,0.00011982842403489889,9.981643292121589e-05,0.00012630610026470902,0.00011876687018666419
1583,0.00012385701207676903,9.426250995602459e-05,0.00012626438148500812,0.00012013292919145899
1584,0.0001253464477324289,0.00012145777902333065,0.00012612216360996374,0.00011753354304237294
1585,0.0001265870249416265,0.00010006986325606703,0.00012623749241724404,0.0001164608412072994
1586,0.00012898686684719804,0.0001881830859929323,0.00012621388485357682,0.00011404053180012852
1587,0.00015444267408586004,0.00010572703118668869,0.00012607880708722708,0.00011288579039974139
1588,0.0001246874750035608,9.425939526408911e-05,0.0001257179427458646,0.00011573415054008365
1589,0.00010687677652135285,9.544239030219615e-05,0.00012672144607964178,0.00011551227240124719
1590,0.00013899694284191355,9.587245585862547e-05,0.0001260642307441837,0.00011387608081568033
1591,0.00011584610542437683,0.0001107983267866075,0.00012485361051060156,0.00012459106838796287
1592,0.00012083788119424651,0.00011339367978507653,0.00012597493010430805,0.0001226700198603794
1593,0.00011610171780274767,0.00010068017669254913,0.00012575685536915746,0.00012359484521439298
1594,0.0001291142847104412,9.867031069006771e-05,0.00012629778896419642,0.00012186071879696103
1595,0.00012907818037395676,0.00013038678094744681,0.00012657864177664227,0.00012417947684880345
1596,0.00012914789656254773,9.57641305285506e-05,0.00012590593973161758,0.00012582056352403019
1597,0.00012620594976599225,0.00010236007074126974,0.00012534825195842941,0.00012525056682061405
1598,0.00012552083490946744,0.00011301064019789919,0.00012598892642935324,0.0001250820626388304
1599,0.00011457980875598474,0.00010385602392489091,0.00012527963338911327,0.00012125713328132406
1600,0.00011584569412257729,0.00017252773453947158,0.00012397108191701894,0.00012647639336064458
1601,0.00015429958885457986,9.231874486431479e-05,0.0001235547258751467,0.00012756870297016574
1602,0.00011195773517505991,0.00010322841524612158,0.00012431864568756686,0.00013109850782202557
1603,0.0001286337058991194,0.0003918139380402863,0.00012403974275221116,0.0001313095004763454
1604,0.0001433992660410392,0.00010594011109787971,0.00012429963689776033,0.00013147490144474428
1605,0.00011684931682086446,0.00012065181275829673,0.00012398119024777164,0.00013143715533660722
1606,0.00013041711360630063,9.602612932212651e-05,0.00012382953054944262,0.00013120795987779275
1607,0.00012684974434604455,0.00015778538421727716,0.00012392284137119228,0.00013086719795828684
1608,0.00010703946095115195,0.0001352896768366918,0.00012314415440584222,0.00012925139284925536
1609,0.00011140425340272486,0.00010720786143792793,0.00012270164254716493,0.00013405296781565995
1610,0.00014260388671472255,9.585725871147588e-05,0.00012371275346829657,0.00013397602310869842
1611,0.00011125454084119862,9.255985205527394e-05,0.00012453078288623753,0.0001337540078209713
1612,0.00012172888728350194,0.0002362085331697017,0.0001246672280527289,0.00013334879773901776
1613,0.00011427857395675447,0.00012156713550211862,0.0001247189471439924,0.00013030991641571746
1614,0.00012597477183185724,0.00018368751159869134,0.00012308179637895793,0.00013022267195628956
1615,0.00013202436945802118,0.00010114727221662179,0.0001230373634665739,0.00013001962380949407
1616,0.00012234345906310612,0.00011493335099657998,0.00012313512786511438,0.00011874841545941311
1617,0.00011287671494452904,0.00011245002708164974,0.00012239686703606925,0.00012008858307963242
1618,0.00011231022534452172,9.495029022218659e-05,0.00012244300182792363,0.00012083701827796181
1619,0.00013144705525418329,9.015126270242035e-05,0.00012222819354630905,0.00012074030371150005
1620,0.00010961100624020522,8.999165322165937e-05,0.00012285680623996692,0.00011987975857919087
1621,0.00011808510009561561,0.00021580350468866527,0.0001230977274302859,0.00011813585165655243
1622,0.0001514837227942836,0.00010043645306723192,0.0001229042077469381,0.00011949147329432891
1623,0.00014597157035799077,0.00010746025800472126,0.00012166778566639145,0.00012240675343200565
1624,0.00011799093791826939,9.372577187605202e-05,0.0001220902162157775,0.0001232314010965638
1625,0.0001171386714041647,9.655570145696402e-05,0.00012195326085525771,0.00012239218471804636
1626,0.00011337081972871803,9.013763337861747e-05,0.00012177301856443389,0.00012171459639212116
1627,0.0001108469123654585,9.815221157623455e-05,0.0001219200399762485,0.000122740524855908
1628,0.00013107781586263123,0.00011003372928826138,0.00012210074184565908,0.00012338497196324167
1629,0.000124942745314911,0.00013944430160336196,0.00012167404881264598,0.00012290665002074092
1630,0.00011800268661722334,0.00013936269271653146,0.00012153492206319543,0.00012524565089261158
1631,0.0001250469065659369,9.360826516058296e-05,0.00012189326827647166,0.0001282892432296649
1632,0.00014256506168749183,0.0001362717559095472,0.00012149736787735794,0.00012832533732289449
1633,0.000113062490709126,9.169200377073138e-05,0.00012176080379738573,0.00013056006360566243
1634,0.00010656626131902966,0.0001410984023823403,0.00012216670882707047,0.00012550581760006026
1635,0.00011169333470105712,0.00016873926215339453,0.00012062633249831074,0.00012512391217751428
1636,0.00012181530457585015,0.00011317604366922751,0.00011932859609498539,0.00012698999808635563
1637,0.00011830500327050686,0.00021522812370676546,0.00011948308635684143,0.00012691055309260263
1638,0.00010977251668615887,0.00010462742735398933,0.00011934383083652292,0.0001270125943934545
1639,0.00012965030712722283,0.00020933572319336235,0.00011946759701370159,0.0001351255801040679
1640,0.00013654191619328533,0.00011725844989996404,0.00012030065575123039,0.00013493743896251544
1641,0.00011167613323777915,0.00010297530243406073,0.00012037423343733988,0.000136516894842498
1642,0.00010939854620826534,0.00017092504887841642,0.00012006034047161746,0.00014584099531639368
1643,0.0001212688806764264,0.00017104009864851832,0.00012006404261337594,0.00014471979432273654
1644,0.00012154954527634092,9.10536150331609e-05,0.00012006148223364208,0.00014754914052318778
1645,0.00011619690424090044,0.00014585981029085815,0.00011928139602079885,0.00014618032908765598
1646,0.0001282327258377336,8.944735454861075e-05,0.0001195498173545477,0.00014631865643896164
1647,0.00011297431457529052,9.088881750358269e-05,0.00011990514371298357,0.0001441109684063122
1648,0.00011352816027485662,0.0001541124057257548,0.00012006890172617408,0.00014287465371889998
1649,0.0001218531944646707,9.173964703222737e-05,0.00012048542710447997,0.00014550115126185122
1650,0.00011365728339620142,9.910673397826031e-05,0.00011990772151556385,0.00014051162882242353
1651,0.00011646497415818481,0.0002929622761439532,0.00012016001551981188,0.00014277756741503257
1652,0.00013167338080367902,9.344868303742259e-05,0.0001193556014344924,0.00013991561835864562
1653,0.00013291725801536813,0.0001495201262878254,0.00011897048400197594,0.0001399158461485058
1654,0.00011709542117185063,0.00037254681345075366,0.00011933343806562738,0.0001417956113931723
1655,0.00011809524016118505,0.00011133266787510365,0.00011923552685572457,0.00013908750092377886
1656,0.00012498289707259068,0.00016434192017186433,0.00011901324193717706,0.00014300986003363503
1657,0.00012306290636641078,0.00010205147002125159,0.0001185068491484142,0.0001429323352058418
1658,0.00011977302405284718,9.515018755337223e-05,0.00011818419807435324,0.00014074518424458802
1659,0.00011544942027992672,8.590620156610384e-05,0.00011793298652693115,0.00014324807178927587
1660,0.00011578728503081947,0.00013783139496808871,0.00011757128135391718,0.0001446688311174512
1661,0.00013222843903349713,0.0001788384822430089,0.00011742996233774143,0.00014210612677270548
1662,0.00010386236354760412,9.049006272107362e-05,0.00011651581829258551,0.00014615889596752822
1663,0.0001160798667923599,0.00016127589216921478,0.00011640960509733608,0.00014583171020494774
1664,0.00010953995499423602,0.00013778699678368867,0.00011648198188049721,0.00014008778923889622
1665,0.00012691398038037327,0.0001172641446464695,0.00011614906538355476,0.00014179770493647083
1666,0.0001207499848290657,0.0001499694335507229,0.0001156650529954479,0.00013930619850289079
1667,0.0001069507659606946,0.00010322228714358061,0.00011543613074011067,0.00012977564661996438
1668,0.0001157117577127388,0.000269099076394923,0.00011585085002653715,0.00012876335687469692
1669,0.00010888972555726974,8.911549433832988e-05,0.00011558773236594991,0.00012609300621552395
1670,0.00010813062738937637,9.118103625951334e-05,0.0001147028474725731,0.0001254106522654183
1671,0.00012195243715218061,0.0001520195431658067,0.00011404556203051471,0.0001252217444241978
1672,0.00010393168524994204,0.0001264078007079661,0.00011325507200866318,0.0001257838215562515
1673,0.00010999518487046265,9.004479710711166e-05,0.00011282381468142073,0.00012464314276585355
1674,9.899959333577296e-05,0.00019305887690279633,0.00011187140320350105,0.00012110354088945315
1675,0.00011100195351496546,9.09270899137482e-05,0.00011265553464052372,0.000122469454491511
1676,0.00011827439373721265,0.00014936425199266523,0.0001121813089567392,0.00012103843347867952
1677,0.000123350468380118,0.000136196575476788,0.00011201495100071446,0.00011964192513842137
1678,0.0001208169483126969,8.723246544832364e-05,0.00011108201783176305,0.00011991432820213961
1679,0.00011137236478841968,0.0001342830163775943,0.00011105377583816233,0.00011740104098571464
1680,0.00012846322232184726,8.602542424341663e-05,0.00011094721634742906,0.00011706098612630741
1681,0.0001184049555579097,9.758315369253978e-05,0.00011099583618084175,0.0001102756374399178
1682,0.00010094078403199092,8.49926212686114e-05,0.0001110945678083226,0.00011083834418095649
1683,0.00010334088800138691,9.042749152285979e-05,0.00011113786679796045,0.0001115060555166565
1684,9.568716973363835e-05,9.995812986744568e-05,0.000110396362920033,0.00010903146085329354
1685,0.00010500585184975838,0.00010931442520814016,0.00011036328952242103,0.00010730927668046204
1686,0.00010841815208550542,9.034843533299864e-05,0.0001114579669840168,0.00010854650574037804
1687,0.00012346564947317043,0.00012463790277251975,0.00011154064973363547,0.00010483362348750234
1688,0.00010422422469774675,0.0001255003668484278,0.00011145493510476725,0.00010585898852441459
1689,0.00010538100609361815,0.00010287428827723488,0.00011099103064496173,0.00010399476028978823
1690,0.00010359065115658773,0.00012407422123942525,0.00011019543152522399,0.00010249576459173112
1691,0.00012004393498904797,8.713725314009935e-05,0.00010981785697901311,0.00010245898670982568
1692,0.00010428677869236304,9.472091565839946e-05,0.00010936093789383044,0.00010120049903634933
1693,0.00011692725354805588,9.946535923518241e-05,0.00010988689864170738,0.00010412004106910897
1694,0.00011135801624429101,0.00010318316286429763,0.00010957473702664073,0.00010396288762567563
1695,0.00010921310213032282,0.00010787381965201349,0.00010971613910967588,0.00010435456415871158
1696,0.00010341484020399447,9.015467658173293e-05,0.00010949806412099859,0.00010534297559643163
1697,0.00010310485030964224,8.33531963871792e-05,0.00011052388866794193,0.00010454150662990287
1698,0.00013736212141035747,0.0001209755236050114,0.0001107144641677021,0.00010582436295226218
1699,0.00010106666207623979,0.00010023682058090345,0.00011079387541006632,0.00010544225545600058
1700,0.00010885908779325999,0.00011656121583655476,0.00011037937768398681,0.00010430413237772884
1701,0.0001066767822420742,0.0001027585461270064,0.0001106227902786082,0.00010399885593215004
1702,0.00010346049038667439,9.872168302536011e-05,0.00011046640819468951,0.00010366116971708835
1703,0.00011137758465742485,8.631301840068772e-05,0.0001101171138263049,0.00010186035431688652
1704,9.994938765885309e-05,0.00010282082454068586,0.00010928661503841997,0.00010328821185976266
1705,0.00014161224101877048,0.00015901397506240756,0.00010952509983843711,0.00010382117262342945
1706,0.00011060091518124359,9.365431760670617e-05,0.00010933253953246297,0.00010395614781882613
1707,0.00010447583610786952,9.478453459450975e-05,0.00010947349826326698,0.00010383935174904762
1708,9.788901328445516e-05,0.0001151377774658613,0.00011077241697283978,0.00010316984662786126
1709,0.00012133278340722124,7.992140570422634e-05,0.0001109698721181808,0.00010455022986279799
1710,0.00010977023934376322,0.00014138583326712251,0.00011103233685199583,0.0001049371744156815
1711,0.00011040343314460996,8.079574792645871e-05,0.00010978704182327622,0.00010357889218721539
1712,0.00011310320632118318,9.618482581572608e-05,0.00011086175984625393,0.00010421988662565127
1713,0.00011030953956328125,0.0001178684557089582,0.00011037769497035897,0.00010282856777776033
1714,0.00010147145399565084,9.443213290069252e-05,0.00011045002136379481,0.00010214051103685051
1715,9.485829194697241e-05,7.905383623437956e-05,0.00011081751078729414,0.00010189263909123836
1716,9.928146529192519e-05,0.0001228336917120032,0.00011057883518191778,0.00010189976438414303
1717,0.00011024889869279125,0.00010804493475006893,0.00011069347919417649,0.0001011998713365756
1718,0.0001121132458987025,0.00010283973912009969,0.0001093403896556184,9.808871913701293e-05
1719,0.00011488198451439126,0.00010026326111983508,0.00010951716863330352,0.00010485556746134534
1720,0.00014168606986964327,9.11361916223541e-05,0.00010984227626662081,0.00011030868953093885
1721,0.00010835121883752031,0.00012466425745515152,0.00011041747299216998,0.00010940205246442928
1722,0.00010466646865501793,9.302681020926684e-05,0.00010921768461315273,0.00010997994819190353
1723,0.00010622974569236653,8.701846789335832e-05,0.00010937373540816932,0.00010843494018772616
1724,0.00012793461265068294,0.0001162616815418005,0.00010913152214618296,0.00010862207335885612
1725,9.675746589588622e-05,8.177824463928118e-05,0.00010973980747124491,0.00010946762595558538
1726,0.00010848494207796951,8.555712760426104e-05,0.00010949347718269565,0.0001103000012692064
1727,0.00011264772597415787,9.252488438505679e-05,0.00010974182038593833,0.00011022252342663707
1728,0.00010541069452301598,8.64911507233046e-05,0.00010966370488232416,0.00011083044158294798
1729,0.00010281548796532055,8.532349835149944e-05,0.00010981438829330727,0.00010922191153513268
1730,0.00010778500255481858,8.123517007334158e-05,0.00010934787251430357,0.00010839481388684361
1731,0.00011502038962337085,0.00026282552571501585,0.00010922391918914703,0.00010759641075273974
1732,0.00011260352694080211,0.00023111258633434772,0.0001087769093088961,0.00010823412751778962
1733,0.00011226893142318457,9.247185080312193e-05,0.00010705812956827383,0.00010771732334978881
1734,9.133807393178964e-05,9.436879889108241e-05,0.0001069316581874672,0.00010769829534692691
1735,0.00011367150921917832,0.00010276063316268847,0.00010674527621853891,0.00010725803512614221
1736,0.00010434810159495101,8.547407720470801e-05,0.00010616257777437567,0.00010763744406867774
1737,0.00012831033944773177,0.0001173236407339573,0.00010480653432249609,0.00011185861472040416
1738,0.00010415128234954965,0.00013867783854948357,0.0001055943998081299,0.00011280822191620246
1739,0.00010768003407671737,9.249518683645874e-05,0.0001050804502240175,0.00011261944307480009
1740,9.290540435661872e-05,9.425179014215246e-05,0.00010491414940657302,0.00011315508859697731
1741,0.00010304855056650316,8.262044051662088e-05,0.00010486132982057624,0.00011843194029061125
1742,9.858600421769855e-05,8.736749354284257e-05,0.00010519818980505482,0.00011823792508803311
1743,0.00010901441276978909,8.287966076750308e-05,0.00010491613769877909,0.00011822343023959549
1744,0.00010370673750811774,0.00011620618024608121,0.0001048640975715696,0.00011272800237638877
1745,9.87165763540866e-05,7.821608742233365e-05,0.00010490737631981676,0.0001066091158776544
1746,0.00010518943431735453,0.00012418855738360434,0.00010487902045327549,0.00011010210429085419
1747,0.00010000691943181057,8.202030468964949e-05,0.00010501905043687053,0.00011003431821009145
1748,9.166228458828603e-05,9.65036914567463e-05,0.00010435617027429141,0.00011566674397327007
1749,9.403352635369326e-05,0.00022179094783496113,0.00010498467665100988,0.00011586630357196554
1750,0.00011645410303673189,0.00010551842453423887,0.00010401358341526553,0.00011449601739877836
1751,9.563620247515953e-05,8.08376565692015e-05,0.0001043244183574441,0.0001121262696455233
1752,0.0001084902055380452,0.00010591602243948727,0.00010426441870384023,0.00011146676513017158
1753,0.00010409020487309641,0.0002184124430641532,0.00010477042631246149,0.00011099193250411191
1754,0.00011123698757728562,8.047311828704551e-05,0.00010434384854613906,0.0001107626456243452
1755,0.00010073369989792506,8.08727988624014e-05,0.00010564051195914443,0.00011064367307699285
1756,0.00011371938644313357,0.00012543982913484797,0.00010516915632373031,0.00011532542851637119
1757,0.0001136854956469809,7.814042386598885e-05,0.00010493877985346546,0.00011407301254221236
1758,0.0001115600347596531,0.00017979656113311648,0.00010669569602339632,0.00011449661782826297
1759,9.4838823521665e-05,9.26741468720138e-05,0.00010666139116252049,0.00011379065532819365
1760,9.709950515470054e-05,0.0002435712772421539,0.0001074907595459889,0.0001147775380697567
1761,0.00012006076101291303,9.046306717209517e-05,0.00010774779530733617,0.00011389924798277204
1762,0.00010403300855412251,8.306648640427739e-05,0.00010910604843197183,0.00010834080075728705
1763,0.00011192215590401449,7.943414471810684e-05,0.00010807657113635083,0.00010724623642745427
1764,0.00010618004273662033,7.600757395266555e-05,0.00010868760266263656,0.00010869141229777598
1765,0.00010555559457215067,8.238097449066117e-05,0.00010807874974561854,0.00010825045005767607
1766,9.238410640844247e-05,7.688826852245256e-05,0.00010773182207550336,0.00010255614658235574
1767,0.00013100258954283265,8.439317985903472e-05,0.00010694312843067263,0.00010261335983523168
1768,9.723052188443641e-05,0.0001999235467519611,0.00010803866144205029,0.0001033507042506244
1769,9.794732575149586e-05,8.489578089211136e-05,0.00010951333363320576,0.00010423408552887851
1770,0.00014263948060235835,8.880621957359836e-05,0.00010924182111436192,0.00010427567116566935
1771,0.00010433181279545857,0.00010653949488187209,0.0001087898062810483,0.00010325761957210489
1772,0.00012074112901852156,0.00010669237322872504,0.0001090606225974625,0.00010355741374078206
1773,9.808817862196722e-05,7.454643928213045e-05,0.00010879977763818007,9.678815431543627e-05
1774,0.00012798985446958492,8.282976719783619e-05,0.00010786632527758936,9.636717790854165e-05
1775,9.07171706462072e-05,7.815431628841906e-05,0.00010702775568707794,9.735418732161635e-05
1776,0.00011091199063230306,0.00011696705332724378,0.00010614905007500458,9.745849113096484e-05
1777,9.32688826125943e-05,9.489196643698961e-05,0.00010722687308799423,9.76877523236908e-05
1778,9.541701312021662e-05,7.605485618114471e-05,0.00010654983733903563,0.00010002888047602028
1779,9.151964645651686e-05,8.190344960894436e-05,0.00010655199869296564,0.00010221997121116147
1780,0.0001281220251823672,9.930640924721957e-05,0.00010499351529191091,0.00010284861386753619
1781,0.0001505861912220199,0.00014752436109120027,0.00010537761753754845,9.91341538145207e-05
1782,0.00010689768267588483,7.91800647857599e-05,0.00010655117308714479,9.873512543272228e-05
1783,0.00010025966392681262,0.0001543452712940052,0.00010492121716928927,0.0001012669901479967
1784,0.00010160923143202024,0.00010016900108894333,0.00010508813266351354,0.00010062870982801542
1785,9.057838117264004e-05,7.433979160850868e-05,0.00010422662770627844,0.00011634474215097725
1786,9.672445199814522e-05,7.993865699972957e-05,0.0001057139884916574,0.00011756636892678216
1787,8.306876879133699e-05,0.00010774172173114494,0.00010435442363604025,0.00011753944657975808
1788,8.995451560218095e-05,8.204173995181919e-05,0.00010453727652881453,0.00011852432440500707
1789,0.0001331256180613612,8.173910377081484e-05,0.00010376248957246491,0.00011710299970582129
1790,8.862970084818597e-05,0.00014090917829889804,0.00010427783082931354,0.00011646758118295111
1791,9.243814025669256e-05,0.00013166553690098227,0.00010427305945486297,0.00011871407476137393
1792,9.204050451646456e-05,0.00010010924626840278,0.00010451732204172813,0.00011859871113556438
1793,0.00010683307802537456,0.00010706204542657361,0.0001033666592896528,0.00011830289502977393
1794,0.00012728621449140419,7.492007134715095e-05,0.00010097121090026728,0.00011555675862473435
1795,0.00010189058265597042,0.00015210283745545894,0.00010046276930144006,0.00011670109857222996
1796,0.00010850470015106515,9.058248688234016e-05,0.00010058872503577733,0.00011353005314595066
1797,9.920350508764386e-05,0.000499593181302771,0.00010101569776824263,0.00011276092258049175
1798,0.00013527219825644148,0.00010508710867725313,0.00010192206887877546,0.00011296350618358701
1799,9.400073307915591e-05,8.21567085222341e-05,0.00010206623973725882,0.0001154885681695305
1800,9.528849296556371e-05,0.00010277626191964374,0.00010316103184595706,0.00011699617028934881
1801,9.154231672356319e-05,8.143393584759906e-05,0.00010425429216249744,0.00011688966292422266
1802,0.0001061524140338103,7.900650336523541e-05,0.0001028828277795886,0.00011707653910852971
1803,9.529772875895206e-05,0.00013221719564171508,0.00010321318112481903,0.00011434901111642832
1804,9.762621112814587e-05,7.90193589637056e-05,0.00010276044487060669,0.00011237058238475585
1805,9.935545638048401e-05,9.191100660245866e-05,0.00010313077854419436,0.00011123328311950902
1806,9.0699981487382e-05,7.88709509652108e-05,0.00010271974204774273,0.00011330344678717668
1807,9.418664270520417e-05,0.00010778856347315013,0.00010116403727992694,0.000113739593065111
1808,0.00010340855728524426,7.506913563702255e-05,0.00010123917264831509,0.00011064965277910236
1809,0.00011228354974365276,8.094073695247061e-05,0.00010108875113623475,0.00011493845955701548
1810,0.00011323765893596122,7.940438168589025e-05,0.00010093745827422632,9.776424093870449e-05
1811,0.0001003287234602289,0.00014306520664831624,0.00010001177109823198,9.744808481773364e-05
1812,0.00011043857150879275,0.0001454317747266032,9.969905929788687e-05,9.69641002942808e-05
1813,0.00011728602351569054,7.937905582366511e-05,9.963168635181823e-05,9.587356541305781e-05
1814,9.88390084886406e-05,8.641100837849081e-05,0.00010095990354538015,9.562676718924195e-05
1815,9.68885344789467e-05,7.272097849636338e-05,0.00010030851246459255,9.770175112062135e-05
1816,8.111973390138398e-05,8.220481860917062e-05,0.00010050937637990704,9.54965181008447e-05
1817,0.0001012988463561568,7.167676463723182e-05,0.00010038077464139659,9.520818952587432e-05
1818,9.655716561408351e-05,0.00015881613711826503,0.00010072954517058357,9.757028563763016e-05
1819,8.839359529600996e-05,8.582372829550877e-05,0.00010191827625482497,9.776287997956388e-05
1820,0.00010376896686567407,7.485433030524291e-05,0.00010215188732092632,9.670525753754191e-05
1821,0.00010474416234905625,0.00019780265633016823,0.00010206120177463163,9.678765381104311e-05
1822,9.542118353743313e-05,7.023771584499627e-05,0.00010141158589039049,9.790176695678383e-05
1823,0.00011213001885658337,9.7183205652982e-05,0.00010025910292331698,9.757648764643817e-05
1824,8.6182938070528e-05,7.005709543591366e-05,9.993892284271875e-05,9.523157536750657e-05
1825,9.36041693138476e-05,7.55128898890689e-05,9.966526938854563e-05,9.328144096070899e-05
1826,0.0001247477465626111,7.52639802522026e-05,9.919083222856798e-05,9.492211074102668e-05
1827,8.986763701411999e-05,0.00013088110164972023,9.944429859137422e-05,9.423535865498707e-05
1828,0.00010031932664181417,7.708637014729901e-05,9.966764505338184e-05,9.451889526681044e-05
1829,9.441116766538471e-05,7.181114458944649e-05,9.964185594225355e-05,9.877428915933706e-05
1830,0.00010807471961015835,0.0001509634093963541,9.962496724943373e-05,0.00010086950437980706
1831,0.0001204182585934177,8.368580951355398e-05,9.946165555286118e-05,0.00010065399455488661
1832,0.00010002691935773731,8.134800242260099e-05,9.994290674157028e-05,0.00010301963037927638
1833,0.00010114141862787721,7.7129042474553e-05,9.932455363191875e-05,0.00010308346569072458
1834,9.604315263762449e-05,0.00010879356559598819,9.927433604542685e-05,9.803796407068149e-05
1835,8.442558475912341e-05,7.127239892724901e-05,9.922728555652109e-05,9.800418810918928e-05
1836,9.23242214452734e-05,8.444239967502653e-05,9.820993346123337e-05,9.909765733173118e-05
1837,0.00010359723515446401,9.667841455666348e-05,9.90761631543541e-05,9.923244155943393e-05
1838,0.00010542509451624937,0.00012039580033160747,0.00010006704830383469,9.960484916809946e-05
1839,0.0001051756675587967,6.924220622749999e-05,9.931633846329837e-05,9.94898225471843e-05
1840,0.00010247219602913699,7.980939379194752e-05,9.904709239943058e-05,9.961267805774698e-05
1841,8.047500612317688e-05,0.00018858966592233628,9.90568499294265e-05,0.00010162447128095666
1842,0.00010087662903566121,0.00012405714514898136,9.891301352957574e-05,0.0001015940193377901
1843,9.247437319977002e-05,0.00015342839149525388,9.77874440936527e-05,9.834087931667456e-05
1844,0.00010042487501373722,0.00014496462390525266,9.932739182517659e-05,9.810964072239588e-05
1845,8.831013912438519e-05,7.645021309144794e-05,9.902554492453218e-05,9.796287447097714e-05
1846,0.0001034887226867593,7.166511582909152e-05,9.811054075705923e-05,9.760035528452135e-05
1847,9.424492131478877e-05,6.9393316807691e-05,9.774874351763478e-05,9.691922778147273e-05
1848,8.66962164743907e-05,0.00012451993621652945,9.794576698590796e-05,9.711786351981575e-05
1849,0.00010783868039854699,7.342670112848283e-05,9.798303560431426e-05,9.733224306837657e-05
1850,0.0001183762980508618,8.482308010570705e-05,9.889564721250078e-05,9.726165416068397e-05
1851,0.00010598000054920299,7.238831472932362e-05,9.872964977015119e-05,9.803845630376598e-05
1852,8.313648541742522e-05,0.00013395248941378669,9.862389399333751e-05,9.978308503632431e-05
1853,0.00010056326489171221,0.000127381200727541,9.808895767718137e-05,9.950397764332593e-05
1854,9.081525766911606e-05,7.104984601028264e-05,9.863680750972382e-05,9.500154602574187e-05
1855,7.993548371208211e-05,6.963490886846557e-05,9.815428571503917e-05,9.602047575172039e-05
1856,0.00015891695188151466,7.790484465658665e-05,9.805669937632044e-05,9.264478678815067e-05
1857,9.248074684162727e-05,7.76788461371325e-05,9.792642301698732e-05,8.95884135272354e-05
1858,7.826631444105361e-05,6.806606281315907e-05,9.856722045288836e-05,8.9640057226643e-05
1859,8.699822165201315e-05,9.176537801977247e-05,9.888017226540898e-05,8.982606284553187e-05
1860,8.935117146595278e-05,7.623829238582402e-05,9.901822595404357e-05,9.21825037454255e-05
1861,9.325593690543125e-05,8.980188838904724e-05,9.959134033221441e-05,9.016815475188197e-05
1862,0.00012641252535912725,9.491369186434895e-05,9.88170745853697e-05,9.318617313401775e-05
1863,0.00010127515845750976,0.00013981585390865803,9.767580941034896e-05,9.552172753028573e-05
1864,0.00010253177313845502,0.00011285792454145848,9.705388629614996e-05,9.537441655411387e-05
1865,8.909878812523351e-05,7.28317089669872e-05,9.799792686373824e-05,9.297338313772344e-05
1866,9.417125193673806e-05,7.60288754827343e-05,9.794814923791111e-05,9.226733038085514e-05
1867,8.881358416854507e-05,0.00014953038829844444,9.803296576137655e-05,9.376144433044829e-05
1868,9.003471473180171e-05,6.903616740601137e-05,9.88990293615239e-05,9.501184610999189e-05
1869,9.716796603040873e-05,6.855529238237068e-05,9.606447780970484e-05,9.515214784187264e-05
1870,0.00010433007502191079,7.774130557663739e-05,9.642407930093921e-05,0.00010351986584137192
1871,0.00011131251799977488,7.631525630131365e-05,9.761683973677765e-05,0.0001042813065170776
1872,9.76962635306538e-05,0.00012830433930503205,9.755906155268247e-05,0.00010331215267069635
1873,0.00010102407592866155,7.416121137794107e-05,9.749712002812883e-05,0.00010448323691962286
1874,8.848203672742885e-05,0.00014887716068187729,9.709301948476219e-05,0.00010710912817157803
1875,8.98446686753434e-05,0.00014321194001240656,9.587126561964395e-05,0.0001074519858579151
1876,9.043192269422838e-05,6.870554032502696e-05,9.573718679247474e-05,0.00010482596516376358
1877,0.00010673749960713192,7.392665400402621e-05,9.495346285564461e-05,0.00010521925479406487
1878,9.931882424603423e-05,0.00010972988180583342,9.507112046606681e-05,0.00010494264250155536
1879,9.293567075575185e-05,0.00010840269475011155,9.514338955729423e-05,0.00010468556705745868
1880,0.00010158707371576586,0.00010089495335705579,9.563618141207067e-05,0.00010391694134450517
1881,8.805316308603829e-05,8.14123879536055e-05,9.59124677830712e-05,0.00010624296784517356
1882,0.0001014707841224865,0.00028687179612461476,9.577497425715491e-05,0.00010651667442871259
1883,0.00010808532533701509,8.710207970580086e-05,9.527031959635982e-05,0.00010606582677573898
1884,8.555376704963338e-05,6.753653186024166e-05,9.47819874418201e-05,0.00010806584860547448
1885,8.780263335211202e-05,0.0001055153986089863,9.471563388393002e-05,0.00010830744176055306
1886,8.315342332126522e-05,0.00015544916968792676,9.43183424840552e-05,0.00010807246381300503
1887,9.586867873117121e-05,0.00010348513402277603,9.438567880004284e-05,0.00010637409416376615
1888,9.79231877782796e-05,7.416533655487001e-05,9.571024466972127e-05,0.00010489910763571973
1889,8.293867471770176e-05,0.00012269016529899092,9.563276093200937e-05,0.00010498379277414645
1890,9.20402283857887e-05,6.591640165424906e-05,9.469813044512801e-05,0.00010510830036946575
1891,9.597797921742312e-05,6.960198938031681e-05,9.427571682123624e-05,0.00010347112208255569
1892,0.00010113338053795612,0.00013031474547460674,9.399576051671629e-05,0.00010302041888353415
1893,9.694187400681484e-05,0.0001271868299227208,9.431292107943188e-05,0.00010449429344735109
1894,9.373062788250132e-05,7.539795697084629e-05,9.47863198231466e-05,0.00010540363238542341
1895,9.171370850203351e-05,6.64701142522972e-05,9.441332906167697e-05,9.876522707636468e-05
1896,9.910421413628178e-05,0.00012631580204470084,9.3579094047891e-05,9.81892101059202e-05
1897,9.603742458340194e-05,0.00013434416818199678,9.4229619288429e-05,9.810548831592312e-05
1898,9.109179093179086e-05,6.828676268924027e-05,9.403111645887192e-05,9.662614323315208e-05
1899,9.016544462711964e-05,0.00010641791945090518,9.404848367072799e-05,9.661127490107899e-05
1900,0.00012295881541730423,0.00010633727681124582,9.449501371806643e-05,9.513958973111583e-05
1901,8.849482925143093e-05,7.082266878569499e-05,9.558742211956998e-05,9.510211001033893e-05
1902,8.337173743509792e-05,7.703934388700873e-05,9.682445166238016e-05,9.34503205877263e-05
1903,8.875848364873996e-05,6.8800424633082e-05,9.753267943128272e-05,9.35405925498344e-05
1904,8.593676314275298e-05,9.713511477457359e-05,9.711618145908385e-05,9.458807785413228e-05
1905,0.00010951608778365578,0.00013774181745247914,9.763973732899306e-05,0.00011017550010583364
1906,9.988813167890638e-05,0.00010414586140541359,0.00010020333584042318,0.00010786695975693875
1907,9.214601508574561e-05,0.00012091166339814663,9.982255895964854e-05,0.00010885600318433718
1908,8.722944999236562e-05,7.270165544468909e-05,9.968100652363825e-05,0.0001087926905078348
1909,0.0001018168980630839,6.54434871103149e-05,9.949844283045323e-05,0.00010668649444705809
1910,8.284006261318508e-05,6.853177153971047e-05,9.936846358759796e-05,0.00010536765547585676
1911,8.35876036176665e-05,0.00015507746138609946,9.91353472555703e-05,0.00010888022720464507
1912,0.0001070319299146326,6.669300477369688e-05,9.88470857869187e-05,0.00010716193776461298
1913,0.00012523339781586804,7.32283435354475e-05,9.721864024856284e-05,0.00010664709838456476
1914,0.00011386441328795627,8.139542973367497e-05,9.715534462496484e-05,0.0001067084215290379
1915,0.00010974592260835278,6.817320070695132e-05,9.714346195752215e-05,0.00010711759395780973
1916,8.55655299124515e-05,9.578912198776379e-05,9.723515053240893e-05,0.00010847275291453115
1917,0.00011422227728568639,0.0005200003017671406,9.704730683459074e-05,0.00010753030921332538
1918,0.00016103183679256795,6.947332120034844e-05,9.623858757291197e-05,0.00010490476392442361
1919,8.421120586313514e-05,0.00010012404265580699,9.582201172144978e-05,0.00010350182976108044
1920,8.817489760177624e-05,6.488729733973742e-05,9.621125050147787e-05,0.00010137164574116468
1921,9.454012180665611e-05,7.366090052528307e-05,9.747746630552379e-05,0.00010244785329559818
1922,9.278794351202021e-05,0.00010137319390196353,9.743528024765609e-05,0.00010496327848522924
1923,8.526388263109968e-05,0.0001561010559089482,9.762039945829505e-05,0.00010478417035774328
1924,8.295890791082962e-05,6.34606834501028e-05,9.761432324659027e-05,0.00010246064422535709
1925,8.224767695840758e-05,9.346629231004045e-05,9.659762654013723e-05,0.00010313772561494261
1926,8.691243866148094e-05,7.235574739752337e-05,9.50359662393263e-05,0.00010329631852800957
1927,8.30746707490309e-05,8.726865460630507e-05,9.375837197488485e-05,0.00010556773880380205
1928,9.10506980209094e-05,0.00010267939855111763,9.293122895566435e-05,0.00010646442851866595
1929,8.12406706972979e-05,7.357402224442921e-05,9.414589950336246e-05,0.00010521211404120547
1930,8.929810624168668e-05,7.210318522993475e-05,9.291723342224333e-05,8.730028078425675e-05
1931,8.947373539235236e-05,6.907250732183456e-05,9.00002515593466e-05,8.86335512623191e-05
1932,0.00010187698458644769,6.765706290025264e-05,9.055162757382882e-05,9.076305205235258e-05
1933,0.00011888484509351353,9.960684430552646e-05,9.087137895823818e-05,9.158001587493346e-05
1934,0.00010076224661639168,0.00012832911685109138,9.056668735348568e-05,9.144177811685947e-05
1935,8.746804287915842e-05,6.405406835256144e-05,9.016449117237548e-05,9.033322550822049e-05
1936,8.343569832504727e-05,9.698930807644501e-05,9.023646171004255e-05,8.662646489101462e-05
1937,8.16145122533069e-05,8.362003951333464e-05,9.098006396703162e-05,8.666752801509572e-05
1938,8.619189029559493e-05,7.71931663621217e-05,9.12310059276125e-05,8.565106382011435e-05
1939,8.192455667691927e-05,0.00013818093662848696,9.152208370990895e-05,8.530432751285842e-05
1940,8.906734712784075e-05,9.059044357854873e-05,9.13996943156235e-05,8.664572849520482e-05
1941,0.00011593229360490417,6.448126005125232e-05,9.2335068217815e-05,8.523691782611422e-05
1942,8.350562525770834e-05,7.220447034342214e-05,9.250550417022572e-05,8.624586469959467e-05
1943,8.810729022014937e-05,0.00010280508315190672,9.340913190842709e-05,8.824932149145751e-05
1944,9.79956062251909e-05,0.00015336156240664423,9.36083452607919e-05,8.822264772607014e-05
1945,9.616868221201002e-05,8.531139290425927e-05,9.297632014430646e-05,8.804145966423675e-05
1946,8.692283168784342e-05,7.020495657343417e-05,9.180169399575486e-05,9.048884536605327e-05
1947,8.273303898426498e-05,7.365937868598849e-05,9.144275851204939e-05,8.787646769196725e-05
1948,8.706314607277617e-05,6.343204047880135e-05,9.134566411667038e-05,8.916038559400474e-05
1949,0.00010154896433555729,6.44872615521308e-05,9.154963301746951e-05,8.896020190441048e-05
1950,8.852122597292893e-05,6.805468743550591e-05,9.151325284167089e-05,9.277118275058455e-05
1951,9.418938321889275e-05,6.368733971612528e-05,9.226701864196608e-05,9.266705079353413e-05
1952,8.001493589189421e-05,0.00012080367916496471,9.239763036215056e-05,8.976032838108949e-05
1953,0.00011443504557569719,6.745913182385266e-05,9.221777147742815e-05,8.89057136781048e-05
1954,8.550156950756596e-05,9.879769408144057e-05,9.159324034052485e-05,9.038520323811099e-05
1955,0.00011188879969672094,0.0001221896050265059,9.15669267065823e-05,9.317412015516312e-05
1956,9.445406920147233e-05,6.840566318714991e-05,9.172317180103466e-05,9.153456390486098e-05
1957,8.607635667431169e-05,6.31273613544181e-05,9.137614556400674e-05,8.856087960884906e-05
1958,8.951919137972356e-05,0.0001607914868509397,9.050973097683811e-05,9.123437621747144e-05
1959,9.178885952375519e-05,6.30196749989409e-05,9.055628101438442e-05,9.091996266506615e-05
1960,8.504068299468296e-05,9.615201590349897e-05,9.06173764711841e-05,9.07200859859586e-05
1961,8.853492084502553e-05,9.19847158365883e-05,9.01782253844431e-05,9.06562843709253e-05
1962,8.070500785834156e-05,0.00017889456066768616,9.016976542544501e-05,9.063703080173584e-05
1963,0.0001050360353029747,7.458986743586138e-05,9.004862808214967e-05,9.078163647209295e-05
1964,8.518984968153139e-05,6.551287631737068e-05,8.961177490645142e-05,9.179602886433714e-05
1965,8.457087500978055e-05,6.922507600393146e-05,8.96142053802679e-05,9.054422930930743e-05
1966,0.0001003190151823219,0.00010146849905140698,8.93894517642265e-05,9.056222413200887e-05
1967,8.284778440914428e-05,0.00014192739326972513,8.950796204638514e-05,9.063639489468187e-05
1968,9.201341758145847e-05,6.18161768943537e-05,8.912074757487669e-05,8.838403265690431e-05
1969,8.931995029949273e-05,7.90194550063461e-05,8.911513376935748e-05,8.824270127224737e-05
1970,7.450831753279393e-05,0.00015214880811981857,8.882016456110352e-05,8.83668780734297e-05
1971,8.808658262650068e-05,6.234461776330135e-05,8.8469071917805e-05,8.590921487775633e-05
1972,8.426042540425746e-05,6.866246170829982e-05,8.840110315811925e-05,8.840055154869332e-05
1973,7.608436890425057e-05,6.183700010296889e-05,8.7853359749877e-05,8.887471043271945e-05
1974,0.00010133746536060547,6.400592232239433e-05,8.815119051659065e-05,8.768280427902938e-05
1975,8.549279239054562e-05,7.166982919443399e-05,8.84047188259299e-05,8.356047073611989e-05
1976,8.326805382643619e-05,8.904714952223002e-05,8.749385599253905e-05,8.30950425006449e-05
1977,8.007569773730615e-05,8.950869028922171e-05,8.735906447723714e-05,8.299952601082621e-05
1978,0.00010881620517466217,6.790900239138864e-05,8.796819603174095e-05,8.392378977732735e-05
1979,8.846432656153209e-05,0.00010065196314826608,8.714204346793443e-05,8.226570680271835e-05
1980,0.00010220843790900997,6.588054908206687e-05,8.790945972723417e-05,8.492618820164353e-05
1981,9.431372406349207e-05,6.487237857072614e-05,8.81493026840164e-05,8.539670529426076e-05
1982,7.870212646796264e-05,6.623178138397635e-05,8.842636872108816e-05,8.982300961506555e-05
1983,8.074187529726058e-05,9.934990695910528e-05,8.882795878647206e-05,8.648314807796853e-05
1984,9.008964053161132e-05,0.00012530309177236632,8.81258809492768e-05,8.685429187025876e-05
1985,7.134709778862695e-05,0.00010800598800415174,8.802689271461633e-05,8.668861307669433e-05
1986,9.598069001286705e-05,6.218706199433655e-05,8.864262202534721e-05,8.662275773240255e-05
1987,8.704321559182265e-05,7.583622209494933e-05,8.768883314332925e-05,8.758845927077347e-05
1988,8.22644644682037e-05,6.295416154898703e-05,8.76952320654204e-05,8.776464651455173e-05
1989,8.182006179898356e-05,6.312496407190338e-05,8.816874510828509e-05,8.721719368477352e-05
1990,9.979916387237609e-05,9.233167016645893e-05,8.911530105332431e-05,8.935303076286801e-05
1991,7.966520108715889e-05,6.001642468618229e-05,8.82197425273868e-05,9.006915064528585e-05
1992,0.0001020331908916382,0.00020843942824285477,8.84764104253716e-05,8.952870334032923e-05
1993,9.800949150101386e-05,7.357910420978442e-05,8.803586059819081e-05,9.133663052925841e-05
1994,9.624660122628685e-05,0.00018967706302646547,8.752973504920696e-05,9.375941594480538e-05
1995,8.454806916739068e-05,6.865226969239302e-05,8.75142250287657e-05,9.371552839875224e-05
1996,7.05346366966195e-05,7.162321257055738e-05,8.764856080459948e-05,9.37569504021667e-05
1997,8.178571953774534e-05,6.452049186918885e-05,8.821896114386618e-05,9.145382174756377e-05
1998,9.147760167252272e-05,6.0190616495674475e-05,8.84634355513198e-05,8.958234931924382e-05
1999,7.749274331015638e-05,8.814846078166738e-05,8.856269958228546e-05,8.953075545141474e-05
2000,8.56527654428242e-05,7.607451028889045e-05,8.840096332165155e-05,8.916410453384743e-05
2001,9.51058798980537e-05,7.536082877777516e-05,8.844354690291867e-05,8.910809896187856e-05
2002,0.00010373959636328638,0.00014290461724158376,8.83155339077348e-05,8.947646688902749e-05
2003,8.642724202622452e-05,8.581199945183471e-05,8.730573610098672e-05,8.839319942053406e-05
2004,9.488102401115208e-05,8.71407805243507e-05,8.858188892352498e-05,8.860052336822262e-05
2005,9.11946922294899e-05,0.00011107872880529612,8.800064300885424e-05,8.312390815699471e-05
2006,8.166058533889655e-05,0.00012544201395940036,8.731247930166622e-05,8.357976060360668e-05
2007,7.831437595693084e-05,6.513459273264743e-05,8.679589258293466e-05,7.902905229129826e-05
2008,8.410026969310517e-05,0.00010038545704446733,8.660642327773127e-05,8.601924788672476e-05
2009,0.0001043496490132788,6.772487540729344e-05,8.811390668431866e-05,8.619265684974378e-05
2010,7.745895797496714e-05,6.121917729615234e-05,8.867511335184745e-05,9.07585674023721e-05
2011,9.84622907870087e-05,6.089721529860981e-05,8.839342216152646e-05,9.124030095990745e-05
2012,8.299980907597475e-05,6.666994915576651e-05,8.82127555782467e-05,9.82829947140999e-05
2013,8.332905399988199e-05,6.15540222497657e-05,8.817138501035516e-05,0.00010475973726715891
2014,7.861973691938652e-05,7.233416225062684e-05,8.974731728893758e-05,0.00010472795951063744
2015,7.455421870367395e-05,6.524998345412314e-05,8.884199111069192e-05,0.00010148159672971814
2016,0.00011156902165061587,6.51995233783964e-05,8.872482600951723e-05,0.00010093997312942519
2017,8.750204302486964e-05,7.152404796215706e-05,8.791780151885986e-05,9.98584320070222e-05
2018,8.080539882131335e-05,8.497541537508369e-05,8.709130477089072e-05,9.778678177390248e-05
2019,8.333193325799786e-05,7.590935521875508e-05,8.673932659278055e-05,9.532353439717553e-05
2020,7.981133653730568e-05,0.00024340715957805515,8.6569100326354e-05,9.571190454880708e-05
2021,0.0001082217218613045,7.595843664603307e-05,8.653159324150895e-05,9.44060197332874e-05
2022,9.581588622596528e-05,0.0001786682556848973,8.581286906232385e-05,9.412082280032337e-05
2023,8.443532191449776e-05,7.223395543405786e-05,8.584797357584143e-05,9.410398823674769e-05
2024,7.297607872816216e-05,0.0002642158046364784,8.577700790418829e-05,9.463299979106526e-05
2025,8.46185012455357e-05,0.00023799307411536574,8.524977282827927e-05,9.871937769348735e-05
2026,0.000134504186862614,7.456638486473821e-05,8.52836988174305e-05,9.881956544122661e-05
2027,8.110644190714488e-05,6.174554771860131e-05,8.563687138957904e-05,9.832558025373148e-05
2028,8.349811449685754e-05,7.227140944451094e-05,8.582948134668795e-05,9.819254506146536e-05
2029,7.470541174471792e-05,6.0102252464275805e-05,8.488102662829788e-05,9.80553744127974e-05
2030,7.053227353026159e-05,5.928747297730297e-05,8.446613450845085e-05,9.87602576322388e-05
2031,7.286113088614203e-05,6.386082954122685e-05,8.451357137592925e-05,9.970391946262681e-05
2032,7.405871929626705e-05,7.484384652343578e-05,8.443462030910371e-05,9.901089504128322e-05
2033,8.316259257197898e-05,6.773833665647544e-05,8.520280400989577e-05,9.160199755569921e-05
2034,8.638154453365132e-05,6.0594952083192764e-05,8.472505201417435e-05,9.189287709305063e-05
2035,7.833657081290666e-05,6.079831320676021e-05,8.412708253146977e-05,8.731406848528424e-05
2036,9.668814899568032e-05,7.412250415654853e-05,8.383924830898952e-05,9.191766478470528e-05
2037,6.981893217824917e-05,0.00016882939671631904,8.487067104951064e-05,8.666880799573848e-05
2038,8.417720372866219e-05,6.405871594324709e-05,8.510697540671877e-05,7.948056183522567e-05
2039,8.744905122310026e-05,5.998453256324865e-05,8.25935905527634e-05,7.89909913612064e-05
2040,7.936946763139633e-05,6.192410364747047e-05,8.224362687712227e-05,7.894733511493541e-05
2041,8.785765369086422e-05,6.177025716169737e-05,8.194672879504247e-05,7.842742796638049e-05
2042,7.712974002869385e-05,8.914612844819203e-05,8.216418261613906e-05,7.860467092832552e-05
2043,8.199132050827352e-05,0.00010856696113478392,8.257408137950634e-05,7.940279085305521e-05
2044,8.135815658735939e-05,5.858374468516558e-05,8.277673203491658e-05,7.93906631472055e-05
2045,9.901592905710761e-05,5.818472243845463e-05,8.274336918548214e-05,7.881219577975572e-05
2046,9.627792196826906e-05,8.323042507981881e-05,8.240967509304432e-05,7.847888035466896e-05
2047,8.086664915835071e-05,6.419804049073718e-05,8.22453965740149e-05,7.856087217223831e-05
2048,7.723946635249175e-05,0.00018732386291958391,8.269386511561203e-05,7.86360174184665e-05
2049,9.876164724119007e-05,0.0001329943849123083,8.260872296620315e-05,7.880072537809611e-05
2050,9.052611017573832e-05,5.828692010254599e-05,8.338819480753346e-05,7.446247009211222e-05
2051,7.166956551373005e-05,6.232712301425636e-05,8.28293995682745e-05,7.426485050236807e-05
2052,7.235735001611627e-05,6.065414156182669e-05,8.226183802891885e-05,7.466411068453454e-05
2053,7.607566244486305e-05,5.9273730730637905e-05,8.274122014893993e-05,7.45363248162903e-05
2054,8.014175727213216e-05,6.453332651290111e-05,8.271049341516723e-05,7.450290505075828e-05
2055,8.077974261444373e-05,7.924047109554522e-05,8.265069817005293e-05,7.33770180202555e-05
2056,7.792739727139836e-05,6.355763689498417e-05,8.345072193349348e-05,7.450701011694036e-05
2057,7.322464806040646e-05,6.0382162337191404e-05,8.38995630021802e-05,7.447887057787738e-05
2058,7.482024026103317e-05,5.9405451029306274e-05,8.340898535388988e-05,7.448910383391193e-05
2059,8.227458155791586e-05,6.264474752242676e-05,8.234385327183797e-05,7.354409455438144e-05
2060,8.954828435283464e-05,6.26769443624653e-05,8.250184024315481e-05,7.329426133073867e-05
2061,9.455959526045868e-05,7.824020314728842e-05,8.30743516287637e-05,6.91983554395847e-05
2062,8.930572821150741e-05,6.03730145667214e-05,8.284377955230108e-05,6.622026912518777e-05
2063,7.020732274718789e-05,5.9118226199643684e-05,8.24726403092629e-05,6.638315067393705e-05
2064,7.326001273920863e-05,6.996603711741045e-05,8.255603610078752e-05,7.230831404449417e-05
2065,9.135402063192386e-05,5.872945694136433e-05,8.294249618290148e-05,7.247285132762044e-05
2066,8.708948534654661e-05,6.093476302339695e-05,8.362489040753444e-05,7.240408555371687e-05
2067,7.563485890083636e-05,6.0998952685622496e-05,8.362048374999886e-05,7.264127698144875e-05
2068,0.00010199191459428726,0.00013681676355190576,8.323800261164758e-05,7.326210782630369e-05
2069,9.257918330452715e-05,5.788025620859116e-05,8.483021661910851e-05,7.327102887793444e-05
2070,8.675148784984938e-05,5.844055383931845e-05,8.549831379399017e-05,7.476908298558555e-05
2071,6.964961991697136e-05,5.960519309155643e-05,8.550785703571618e-05,8.093491003382951e-05
2072,8.481632344127219e-05,5.795220989966765e-05,8.547157098202865e-05,8.280437527573666e-05
2073,9.155225099271371e-05,8.492621564073488e-05,8.541951985615825e-05,8.283409872092307e-05
2074,9.299734532962449e-05,5.854222705238499e-05,8.453329965575701e-05,8.196653613704257e-05
2075,8.12476290997842e-05,6.235895882127806e-05,8.43010433348051e-05,8.214089059038088e-05
2076,7.375446030184524e-05,0.00021045620727818459,8.49843084695749e-05,8.242406178032979e-05
2077,8.201885206896501e-05,6.47675736399833e-05,8.525475020869635e-05,8.260664860717952e-05
2078,9.313551806068668e-05,5.7554586383048446e-05,8.551258148509078e-05,8.25376177788712e-05
2079,8.003159083374259e-05,7.046311220619828e-05,8.542072431236092e-05,8.272015808033756e-05
2080,7.121771415566198e-05,9.476124221691862e-05,8.57014141808678e-05,8.259434916544705e-05
2081,0.0001177327474579215,6.378066318575293e-05,8.448650804865691e-05,7.944800805416889e-05
2082,8.992707743244763e-05,9.783351502846926e-05,8.356203740178092e-05,8.218559777014889e-05
2083,7.505882130418387e-05,0.00021355112723540516,8.308004205399711e-05,8.43560245295521e-05
2084,8.136743021572734e-05,0.00010938137857010588,8.429414397752328e-05,8.430308040115052e-05
2085,8.824700620607473e-05,6.342003049212507e-05,8.368187030492765e-05,8.542008145595904e-05
2086,7.240409025042835e-05,5.6551138550275935e-05,8.354711933772909e-05,8.586808652034963e-05
2087,8.34993201877094e-05,6.473187590017914e-05,8.285859735721412e-05,8.592430458520542e-05
2088,8.728895111643295e-05,6.61975059483666e-05,8.353788515669293e-05,8.633974604890684e-05
2089,8.002105621724493e-05,7.453070778865367e-05,8.406751956273285e-05,8.131906781927686e-05
2090,9.779980254178452e-05,5.7003686233656484e-05,8.376045154161855e-05,8.857003552839163e-05
2091,8.479305602830007e-05,6.549827056005597e-05,8.331695508483487e-05,8.870755567913876e-05
2092,8.265210561350815e-05,5.785372981335968e-05,8.364021260899285e-05,8.90849727089517e-05
2093,7.161926128901541e-05,5.815823576995171e-05,8.409697129973212e-05,8.81894892139826e-05
2094,6.946741713262681e-05,0.000126319999108091,8.250468462421043e-05,8.880729941301979e-05
2095,7.470160415525445e-05,0.00011270122282439842,8.224111253495924e-05,8.741677315556444e-05
2096,0.00010000216800512539,5.828158988151699e-05,8.213352333324213e-05,8.144049841794184e-05
2097,6.950948162638168e-05,8.587723626988009e-05,8.281141574633593e-05,7.944417535327374e-05
2098,8.818347681274949e-05,9.612634225049988e-05,8.270474619203016e-05,7.914639422087929e-05
2099,7.578429581675058e-05,5.994767867377959e-05,8.339891012340862e-05,8.188033661572262e-05
2100,9.822982408675468e-05,7.274499541381373e-05,8.310822076536067e-05,8.147836651769465e-05
2101,8.699532045284287e-05,8.493925153743476e-05,8.247121022933344e-05,8.182636265410111e-05
2102,7.434215154110764e-05,0.0002460417663678527,8.263122939954174e-05,8.105066411662848e-05
2103,8.204810664109472e-05,6.09925901517272e-05,8.15589792934285e-05,8.116255158092828e-05
2104,8.811302893769203e-05,7.989853795152157e-05,8.134783443965716e-05,8.074084613472224e-05
2105,8.263668142414342e-05,7.23741548426915e-05,8.09248497856768e-05,8.060439907712862e-05
2106,7.792558056987925e-05,7.922591816168278e-05,8.168890935145707e-05,8.181643540156073e-05
2107,8.333777520116806e-05,6.307035859208554e-05,8.241032081924559e-05,8.240676463465206e-05
2108,7.236909126125586e-05,6.414425879484043e-05,8.318925591027234e-05,8.095812501851469e-05
2109,9.831474054307263e-05,5.947330195340328e-05,8.221806903457036e-05,8.228038022061808e-05
2110,8.558026734843022e-05,5.5975502182263884e-05,8.276900714182475e-05,8.100394650246016e-05
2111,8.97581885348902e-05,0.00012489969842135906,8.197413692008314e-05,7.931202225736342e-05
2112,7.623208623651105e-05,5.468262344948016e-05,8.168053898278029e-05,8.342417981475592e-05
2113,7.136368771575185e-05,7.489740935852752e-05,8.095151602578375e-05,8.283559902920389e-05
2114,8.402153547245285e-05,5.513824435183778e-05,8.00846637564569e-05,8.185368209960872e-05
2115,7.099354988895356e-05,5.980087284115143e-05,8.002106694443177e-05,7.471133433864454e-05
2116,7.951443468401622e-05,5.495563440490514e-05,8.063251465484628e-05,7.449230482452549e-05
2117,7.207748926399897e-05,5.444255337351933e-05,8.035534465048437e-05,7.351485445979051e-05
2118,9.072075043352218e-05,8.845914388075471e-05,8.060002601236596e-05,7.421418697340414e-05
2119,8.750270382734015e-05,0.00014107822993537412,8.048553301923675e-05,7.320334662799722e-05
2120,9.417498143092315e-05,7.648523242096417e-05,8.032766561146774e-05,7.755073705338871e-05
2121,7.572249611257575e-05,9.133796993410215e-05,8.089859706006893e-05,7.943232020479627e-05
2122,8.328293430774163e-05,5.396639331593178e-05,8.065993752453424e-05,7.933493263553828e-05
2123,6.831172126920946e-05,5.38282361230813e-05,8.081303391663823e-05,8.092183702392503e-05
2124,6.84443473841788e-05,0.00016275161760859191,8.11324553104997e-05,8.063863589195535e-05
2125,8.00042501618413e-05,5.803047577501275e-05,8.154240167932584e-05,8.54215756931808e-05
2126,6.53240137196715e-05,6.0391328297555446e-05,8.159683047496299e-05,8.501098758424634e-05
2127,7.275223124047948e-05,6.748307234374806e-05,8.080400254499788e-05,8.562510740594009e-05
2128,9.733429940145773e-05,5.5516852298751474e-05,8.15636169456411e-05,8.572364690480756e-05
2129,8.118377882864377e-05,5.5462278833147135e-05,8.124983116479901e-05,8.570198821835221e-05
2130,8.875371547118346e-05,8.985746768303216e-05,8.128844125248077e-05,8.584711886360312e-05
2131,7.506325574164899e-05,5.395490952651016e-05,8.083262897626911e-05,8.6399903340498e-05
2132,7.939109000694265e-05,0.00017175511922687292,8.00066279693662e-05,8.312543478095904e-05
2133,8.664237747628553e-05,0.00011118383758002892,7.91351372583045e-05,8.246745050419124e-05
2134,9.234825215470563e-05,5.703861272195354e-05,7.934259342598832e-05,8.129404298961164e-05
2135,8.940767715102993e-05,9.564811189193279e-05,7.973752172806093e-05,8.394592863623986e-05
2136,9.774372338142712e-05,0.0001178196701221168,8.027772892609291e-05,8.446276510949248e-05
2137,8.648074545716453e-05,0.00017425611848011612,8.068506354498418e-05,8.050107605522499e-05
2138,7.272440760668056e-05,6.463270663516596e-05,8.142457644991939e-05,8.164991147932597e-05
2139,6.420083722332493e-05,7.049123989418149e-05,8.162646022166073e-05,8.145011724554933e-05
2140,8.998390990503442e-05,6.22643603128381e-05,8.147203112958878e-05,8.121253788121974e-05
2141,7.166979016296359e-05,5.441416724352166e-05,8.043734250273296e-05,8.556344179087315e-05
2142,7.304274145604318e-05,5.807081950479187e-05,7.989231666174926e-05,8.552471371367573e-05
2143,7.932544352823041e-05,0.00010227875580312684,7.953148619643697e-05,8.451591316261327e-05
2144,6.685267865476717e-05,5.9216515946900475e-05,7.904977617484595e-05,8.446838133968415e-05
2145,7.23877136543807e-05,6.0035625501768664e-05,7.900209185334259e-05,8.024310497567058e-05
2146,8.090890030467159e-05,6.20027820696123e-05,7.93160902790583e-05,7.804688761825676e-05
2147,9.315614185955686e-05,0.00012026353448163718,7.898215361460138e-05,7.797215188038538e-05
2148,8.181690122000873e-05,6.67491479543969e-05,7.857274797715945e-05,7.626533049624414e-05
2149,7.862771285646078e-05,6.37093912519049e-05,7.783882324341296e-05,7.365947677753865e-05
2150,9.849207278522146e-05,8.675136137753725e-05,7.724306165813078e-05,7.022245161933825e-05
2151,7.037110801320523e-05,5.5396472453139724e-05,7.804419425228841e-05,7.038139869691804e-05
2152,6.889150393868072e-05,6.154358823550865e-05,7.920479067106498e-05,6.973730887984856e-05
2153,7.146708373006226e-05,0.0001642894500400871,7.85669185639967e-05,7.614381518214941e-05
2154,6.755813280405063e-05,5.4494076903210956e-05,7.82672498137496e-05,7.667546860757284e-05
2155,7.973295383837669e-05,6.46374539064709e-05,7.810356412034403e-05,7.685849826666526e-05
2156,6.302050520187348e-05,5.2766613953281195e-05,7.810745637931782e-05,7.52607985632494e-05
2157,7.819898196935861e-05,6.612321012653411e-05,7.840745852396745e-05,7.687530257389881e-05
2158,9.449233811917818e-05,5.627840364468284e-05,7.87501787865444e-05,7.814044223632663e-05
2159,8.399983554328275e-05,5.5170219275169076e-05,7.861405567398631e-05,8.402629037154838e-05
2160,7.917253621498174e-05,5.2977577288402246e-05,7.820063222008887e-05,8.144453528220765e-05
2161,7.939560503776496e-05,5.267332715447992e-05,7.775028703472346e-05,8.229073255206458e-05
2162,7.158670582511048e-05,8.83304895251058e-05,7.730914996532698e-05,8.273857297026552e-05
2163,9.275272246062135e-05,6.860638357466087e-05,7.672009142681619e-05,8.615115013089961e-05
2164,9.321574769273866e-05,5.438899446744472e-05,7.695318793331453e-05,8.647793220588936e-05
2165,7.403710722832734e-05,0.0002224270178703591,7.743221264859635e-05,8.653325309278442e-05
2166,6.417807140678633e-05,6.770550287910738e-05,7.816995270081356e-05,8.442168605979532e-05
2167,6.895059912090397e-05,6.264656098210252e-05,7.8263504612874e-05,8.440896613756196e-05
2168,7.942275000257521e-05,6.233626321773044e-05,7.870398543374096e-05,8.639750138972888e-05
2169,7.435273227100778e-05,9.957911621313542e-05,7.913493621033722e-05,8.683291935012677e-05
2170,8.095572021880393e-05,9.166411706246436e-05,7.881610631270126e-05,8.64436964155175e-05
2171,7.750582249071967e-05,0.00020914898545015603,7.814707093833326e-05,9.181233468116263e-05
2172,8.282055551212074e-05,5.571965724811889e-05,7.807235985399329e-05,9.17543616553303e-05
2173,7.055827158587312e-05,8.790407970082015e-05,7.734253207907185e-05,9.229417188907975e-05
2174,6.759928612154909e-05,7.490540170692838e-05,7.826432919698871e-05,9.435899023083039e-05
2175,8.37656093224521e-05,0.00017206579039338976,7.836163234250205e-05,9.298742313985713e-05
2176,7.619852067566374e-05,6.356602432788349e-05,7.746674201658203e-05,9.251473810290917e-05
2177,8.086712182072612e-05,6.292661040788517e-05,7.777016033942346e-05,9.668149525532497e-05
2178,8.991058503549235e-05,0.00011150027421535924,7.931587540822672e-05,8.986504132626577e-05
2179,6.989693060556117e-05,5.417607884737663e-05,7.99897823159376e-05,9.059693490271455e-05
2180,9.074497436005104e-05,0.0001143508352106437,8.01950452124907e-05,9.072530284756793e-05
2181,7.379427461677956e-05,6.365206296322867e-05,8.145327329984866e-05,9.036254051607102e-05
2182,7.022823452846043e-05,5.639263676130213e-05,8.114418326294981e-05,8.847179620061068e-05
2183,7.776645375997759e-05,0.00019049436028581112,8.075244147815587e-05,8.699369452078825e-05
2184,8.213205843478337e-05,5.372089362936095e-05,8.12075544184255e-05,8.072723684599623e-05
2185,6.0926841841945945e-05,6.647283313213847e-05,8.078183809508724e-05,8.15713010262698e-05
2186,0.00010244053298568663,0.00010429378569824621,8.052132306749829e-05,8.036644456442445e-05
2187,7.40192844629443e-05,5.4041312250774356e-05,8.082201923308377e-05,7.954291755449958e-05
2188,7.038046431262046e-05,5.67892576509621e-05,8.055655613295838e-05,7.55720751534682e-05
2189,0.00010080120576377441,0.00015855792327784,8.017867156110394e-05,8.137214580783622e-05
2190,0.00011267998394840914,5.201566964387894e-05,7.997340689180419e-05,8.096493901102802e-05
2191,8.102574409955802e-05,8.600284229032696e-05,7.901436986220586e-05,7.895183842047116e-05
2192,7.408217153473137e-05,6.585575960343703e-05,7.961093608626268e-05,8.0485374329146e-05
2193,0.00011087845218652445,5.3267204930307346e-05,7.88630101538729e-05,7.836043377174066e-05
2194,6.662548134853649e-05,5.231050832662731e-05,7.939760729334213e-05,7.91706514894031e-05
2195,7.11621755989553e-05,5.471157506690361e-05,7.968381244184759e-05,7.947672817972489e-05
2196,8.888364599746031e-05,5.248754358035512e-05,7.929032116015958e-05,7.42420823662542e-05
2197,7.217764742866469e-05,7.682126175495796e-05,7.968852667965823e-05,7.414388784673065e-05
2198,6.404539589614918e-05,5.778266815468669e-05,8.015670920819198e-05,7.373684857157061e-05
2199,7.5116690261186e-05,5.431722645880654e-05,8.010024387331214e-05,7.229414922185243e-05
2200,7.712903181931728e-05,7.279473036760465e-05,8.059215931603427e-05,7.240530336857773e-05
2201,6.675140637930275e-05,0.0002085677906870842,8.068498444594702e-05,7.239670758717694e-05
2202,7.573550508823246e-05,5.274644048768096e-05,7.966607068762339e-05,6.816419083043002e-05
2203,6.59346592955343e-05,6.117275945143774e-05,7.788210965324349e-05,6.859007273451425e-05
2204,8.481108620698149e-05,9.251447656424716e-05,7.750547792368e-05,6.732073430321178e-05
2205,7.204682605030636e-05,6.12273212755099e-05,7.751830448364167e-05,6.692172748153098e-05
2206,8.715920310351066e-05,8.390750590479002e-05,7.62732102079705e-05,6.715004206635059e-05
2207,7.738336324109697e-05,6.404455401934684e-05,7.67591840927101e-05,6.88906460418366e-05
2208,6.792917171777743e-05,5.962821494904347e-05,7.708516118129613e-05,6.882574514602312e-05
2209,9.208719642224929e-05,5.126603064127266e-05,7.600279069738464e-05,6.89411519037094e-05
2210,7.26314050552901e-05,5.6296851253136995e-05,7.604101068314373e-05,6.810107210185379e-05
2211,0.00010102889961369025,6.8226301955292e-05,7.640923712363778e-05,7.138195781735704e-05
2212,8.631717053099742e-05,5.682016591890715e-05,7.627211427316071e-05,7.271139068761841e-05
2213,7.270109256043926e-05,5.6574363115942104e-05,7.58824538122604e-05,7.20636113837827e-05
2214,7.532836180568362e-05,5.274500435916707e-05,7.631782501444429e-05,6.69500203919597e-05
2215,6.808095808891166e-05,6.266271724598482e-05,7.630033971638317e-05,6.71355719678104e-05
2216,7.160995086047074e-05,5.42693815077655e-05,7.677089832723141e-05,6.719511672272346e-05
2217,7.44028355337731e-05,5.5880589061416683e-05,7.657586407019862e-05,6.631835376028903e-05
2218,7.975109529474543e-05,5.897506955079734e-05,7.6450278938541e-05,6.627618352649734e-05
2219,7.877482846702656e-05,9.582560771377757e-05,7.665084175985411e-05,6.503404616378247e-05
2220,7.931160281360563e-05,5.3089052671566604e-05,7.698634482803754e-05,7.006476509850472e-05
2221,6.182438389967299e-05,5.53727125225123e-05,7.728061797453039e-05,7.094658437999898e-05
2222,7.313314707264201e-05,5.5819266708567736e-05,7.611493584344215e-05,7.22595164028462e-05
2223,7.325105690850049e-05,0.00013980481104226784,7.65520245777831e-05,7.284233793616294e-05
2224,7.168861899925913e-05,8.755304821534083e-05,7.566105706274456e-05,7.747508503380232e-05
2225,6.738752029680958e-05,5.660024777171202e-05,7.584665656678326e-05,7.845545125892386e-05
2226,7.763568643389994e-05,8.072801589150913e-05,7.643478994561721e-05,7.830066891619935e-05
2227,7.52983726367044e-05,5.7385229883948344e-05,7.628204322116088e-05,7.93408276338596e-05
2228,7.769862456674067e-05,6.266137832426466e-05,7.678730054855502e-05,8.166728747892194e-05
2229,7.993522978116137e-05,7.059540250338614e-05,7.696481690541583e-05,8.328018476604483e-05
2230,6.890719775886585e-05,6.017306543071754e-05,7.681691978391935e-05,8.352694154600615e-05
2231,9.217327363633862e-05,5.2854071836918595e-05,7.62693497355536e-05,8.402085836860352e-05
2232,8.57709399456831e-05,0.00018981252738740296,7.602239248840812e-05,8.37270353746135e-05
2233,7.528600038009851e-05,8.167369698639959e-05,7.565470244638469e-05,8.371798244770618e-05
2234,6.29451431450434e-05,8.408933121245354e-05,7.547143352017482e-05,8.361831402871759e-05
2235,8.355862341381402e-05,7.086738958605565e-05,7.535829289020817e-05,8.346376150730067e-05
2236,7.875471173772691e-05,0.00018404497939627617,7.592493226499453e-05,8.070327048772016e-05
2237,9.09571581319647e-05,8.132932154694572e-05,7.637431245238987e-05,7.920286572771147e-05
2238,8.740442703128793e-05,5.270480454782955e-05,7.617125970266191e-05,8.033359565888531e-05
2239,7.150969369427507e-05,7.87489723006729e-05,7.610867405730662e-05,8.007442165981045e-05
2240,8.071239127376531e-05,0.00012082421337254345,7.620073070251642e-05,7.979881177307106e-05
2241,7.604785978199087e-05,9.459181368583814e-05,7.59960514891039e-05,7.961398262414148e-05
2242,7.070540749636065e-05,6.204950856044888e-05,7.616588001158865e-05,7.875313506810924e-05
2243,6.606184408560189e-05,7.132299011573195e-05,7.643417997848397e-05,8.082272417377679e-05
2244,7.260089728838971e-05,8.848003286402672e-05,7.553492222569831e-05,8.240328652318566e-05
2245,7.011935176301955e-05,5.286272949888371e-05,7.504631043250102e-05,8.103242273209616e-05
2246,5.724266074442615e-05,5.2881002047797666e-05,7.510692194110661e-05,8.14654528046958e-05
2247,7.030463132347601e-05,5.19554536731448e-05,7.517349905069245e-05,8.02754746749997e-05
2248,8.741704127815966e-05,7.0792535552755e-05,7.444813888578211e-05,7.952961299451999e-05
2249,8.292312368414262e-05,5.004292921512388e-05,7.458414148390553e-05,7.487661477643995e-05
2250,6.231120155361067e-05,8.486849605105817e-05,7.37646422209865e-05,7.530867391033097e-05
2251,7.607104530001783e-05,7.424866591463796e-05,7.40163050317076e-05,7.687105360091664e-05
2252,7.759978876694934e-05,5.0494982715463266e-05,7.409018920572837e-05,7.591177033027633e-05
2253,7.258164423142767e-05,5.8040649601025504e-05,7.353701123663793e-05,7.404108063783497e-05
2254,8.418094284328012e-05,4.907421360258013e-05,7.365635383208024e-05,7.250856148893944e-05
2255,7.561469693124915e-05,0.0001119127930724062,7.360971560669392e-05,7.452863214421085e-05
2256,6.969182981669696e-05,9.236813057214021e-05,7.402070192652497e-05,7.544552708859556e-05
2257,7.355564511575115e-05,0.00015554093261016533,7.39168424621716e-05,7.447885213186964e-05
2258,7.68012880952382e-05,9.249944880139082e-05,7.423599723745914e-05,7.441016226657665e-05
2259,6.460957088468907e-05,5.433987797005102e-05,7.483371429132401e-05,7.44010458642151e-05
2260,6.542461929105533e-05,5.222084757406264e-05,7.451676265465925e-05,7.611752405064179e-05
2261,8.215477669081237e-05,6.772002394427546e-05,7.361331582069398e-05,7.746671516215429e-05
2262,7.0469676558989e-05,9.213079989422113e-05,7.381019826150605e-05,7.749876687885263e-05
2263,9.369599729931602e-05,9.1764296812471e-05,7.373725848220704e-05,7.649281843332575e-05
2264,7.335679804479392e-05,5.4766890534665436e-05,7.384596118418913e-05,7.611526546534152e-05
2265,6.688294204650447e-05,7.40569710615091e-05,7.374146181844278e-05,7.619398248498328e-05
2266,7.90314246680484e-05,5.6278834963450206e-05,7.435271567471015e-05,7.644752977648749e-05
2267,6.953945186170232e-05,0.00011255127494223415,7.502873625683908e-05,7.65592848707456e-05
2268,7.633650208137826e-05,9.424536372534931e-05,7.509397013151708e-05,7.406801379402168e-05
2269,7.00044106795556e-05,6.431315894587897e-05,7.517885552952067e-05,7.416215096018278e-05
2270,7.80982211452081e-05,5.1145482866559175e-05,7.535409121709463e-05,6.9982526084641e-05
2271,7.218558709104805e-05,5.265309198875912e-05,7.481259046762717e-05,7.004897863953375e-05
2272,6.238084040685661e-05,9.486740833381191e-05,7.553514456214746e-05,7.002871742006392e-05
2273,6.483087042902804e-05,0.00010452231334056705,7.540614902455774e-05,6.990697396104225e-05
2274,8.784518470444406e-05,5.0844222132582215e-05,7.537875560034688e-05,7.612439356744288e-05
2275,6.048770707113565e-05,5.97197849128861e-05,7.62794161706956e-05,7.481913382653147e-05
2276,7.87886128495706e-05,6.480984171503224e-05,7.58194118181968e-05,7.408629118581302e-05
2277,7.498730462329048e-05,5.2462908206507565e-05,7.590457202265197e-05,7.389646322699264e-05
2278,8.786299063811182e-05,6.437933188863099e-05,7.625397800681338e-05,7.477050860179588e-05
2279,0.00010108145739650354,5.1868090959032995e-05,7.633174920047168e-05,7.775442634592765e-05
2280,7.724554379819892e-05,4.963101615430787e-05,7.641588598974825e-05,7.550156102515759e-05
2281,7.181396476678653e-05,9.472155972616746e-05,7.676105877714387e-05,7.372489443514498e-05
2282,7.793653730510009e-05,5.105031072162092e-05,7.702269212297526e-05,7.381783434539105e-05
2283,6.326376935855175e-05,9.416076267370954e-05,7.660123103447e-05,7.449899769271725e-05
2284,8.267342324769641e-05,5.3833347483305264e-05,7.609097655254625e-05,7.433003342011944e-05
2285,6.219973085131238e-05,4.917726109852083e-05,7.6433936852522e-05,7.26714086253196e-05
2286,8.14699410855408e-05,0.0002231555141042918,7.636399979302144e-05,7.05413768882863e-05
2287,9.298619081770691e-05,5.9499306371435526e-05,7.546066967835135e-05,7.1565577754518e-05
2288,8.219588848684603e-05,7.344323079450987e-05,7.575666570272816e-05,7.220542854629455e-05
2289,7.548580315617275e-05,5.002119156415574e-05,7.550176058300875e-05,7.455153763876295e-05
2290,7.561809165054002e-05,9.590810543159023e-05,7.592243936249159e-05,7.611475358135068e-05
2291,8.097570450950621e-05,0.00013087677856674418,7.539812600524683e-05,7.552886126795784e-05
2292,7.16428715936167e-05,5.622964192298241e-05,7.395409724429354e-05,7.583450740203264e-05
2293,8.496582176626866e-05,4.982869897503406e-05,7.373974964931323e-05,7.794645099202172e-05
2294,7.654524432534042e-05,6.663665670203045e-05,7.389206201850256e-05,7.874410845106469e-05
2295,6.756169393257652e-05,6.817456654971466e-05,7.457920690147957e-05,7.92852987884544e-05
2296,5.942922504295388e-05,4.8428985173814e-05,7.487894110785824e-05,7.870364870759661e-05
2297,7.09548479062505e-05,5.3401788463816046e-05,7.419492150996424e-05,7.848200256703423e-05
2298,6.30824439415139e-05,5.127151991473511e-05,7.452245844421366e-05,8.125397958210672e-05
2299,6.526193183769161e-05,7.644924378837459e-05,7.379251184417323e-05,7.571075421292335e-05
2300,6.788760768055606e-05,7.571605470729992e-05,7.267207980605437e-05,7.529015821637585e-05
2301,7.241598485658567e-05,0.00012346256902674214,7.219373302246417e-05,7.427187627181412e-05
2302,8.550427411036152e-05,9.154330677120015e-05,7.203025342977422e-05,7.657319364952856e-05
2303,7.475515670699274e-05,4.973202405381016e-05,7.237366258454534e-05,7.487583401962184e-05
2304,6.498073837267132e-05,5.950924431090243e-05,7.184429652099627e-05,7.19449560972862e-05
2305,7.188685392369127e-05,0.00010242960590403527,7.232452767930227e-05,7.28258020535577e-05
2306,7.562177399651975e-05,0.00011466299620224162,7.15734373545274e-05,7.394181461422703e-05
2307,9.511515937952531e-05,6.45800691563636e-05,7.082818975096515e-05,7.628596076392567e-05
2308,7.075712451801843e-05,7.961951065226459e-05,7.124947121580285e-05,7.561091480893083e-05
2309,6.557293330034655e-05,4.8292193969246e-05,7.146703500022543e-05,7.593733121757396e-05
2310,7.038815420754771e-05,0.00011847668647533283,7.152313141042315e-05,7.707997158286161e-05
2311,6.322127608453027e-05,8.457487987470813e-05,7.17464931377132e-05,7.924911361769773e-05
2312,6.497538986473551e-05,4.898440645774826e-05,7.175856013200245e-05,7.83466056396719e-05
2313,7.023721889709122e-05,4.798618218046613e-05,7.182626369920197e-05,7.739047374925577e-05
2314,7.13988133389244e-05,0.00010755412600701674,7.209989265765115e-05,7.501469177077525e-05
2315,8.420332051981758e-05,5.347411468392238e-05,7.130331493842985e-05,7.692876558867284e-05
2316,6.774155292077922e-05,5.760483050835319e-05,7.126609419841165e-05,7.87688756827265e-05
2317,8.364865055126655e-05,7.825079082977027e-05,7.164609846497317e-05,7.848428114666605e-05
2318,6.618856364689741e-05,7.772901299176737e-05,7.172060744439174e-05,7.63424267235678e-05
2319,5.791405423628425e-05,0.00012524031044449657,7.16120819297632e-05,7.505275625735523e-05
2320,7.809373055351898e-05,5.129841767484322e-05,7.099513223915385e-05,7.491983088548295e-05
2321,6.486831965351788e-05,5.658939538989216e-05,7.141124209107753e-05,7.392680794582702e-05
2322,7.235725816119359e-05,8.196779759600759e-05,7.118192619996585e-05,7.485348874470219e-05
2323,6.866648712376546e-05,0.00010550007078563795,7.153212988972276e-05,7.220739779877475e-05
2324,6.556360669492278e-05,5.388654433772899e-05,7.252475028298148e-05,7.612991548376157e-05
2325,6.958019686054387e-05,5.1812757446896286e-05,7.370416616047603e-05,7.906009888974949e-05
2326,7.92567088178152e-05,6.406801956472919e-05,7.412712459125839e-05,7.946330505656079e-05
2327,6.558983112982889e-05,0.00013939515221863985,7.361350737030281e-05,7.778345276019535e-05
2328,7.38246382065376e-05,9.573477640515194e-05,7.263362438582894e-05,7.981715194764548e-05
2329,7.448084503670948e-05,5.239438090939075e-05,7.331614803099203e-05,8.0408147390699e-05
2330,7.374957840915563e-05,4.888324532657862e-05,7.247718615965116e-05,8.131907765637153e-05
2331,7.290863613080648e-05,8.242123454692774e-05,7.272564602867029e-05,8.013067922438495e-05
2332,7.969141711429175e-05,6.125693485955707e-05,7.2848874459871e-05,7.723353391629643e-05
2333,8.115987081611011e-05,5.4793937160866334e-05,7.235503180418162e-05,7.723840099060907e-05
2334,5.984003602255446e-05,7.14592139411252e-05,7.274942649787084e-05,7.778257547761314e-05
2335,7.914324645147038e-05,5.232441282714717e-05,7.274913982190707e-05,7.79722840816248e-05
2336,8.803678591599843e-05,0.0001826378219993785,7.2421458097718e-05,7.819835299742407e-05
2337,9.44607868020992e-05,0.0001222389916074462,7.237251374624771e-05,7.820800712215715e-05
2338,8.081117966665059e-05,5.8066336350748315e-05,7.227893661571821e-05,7.806701106019319e-05
2339,5.855838281503465e-05,6.555781859788113e-05,7.149193109200697e-05,7.742657255730592e-05
2340,5.970624590797039e-05,0.00010431659437017516,7.216650350763099e-05,8.063783372635954e-05
2341,8.480464404985671e-05,7.237971658469178e-05,7.211007241437781e-05,7.895973667618819e-05
2342,6.267460376774479e-05,0.00010102404747158289,7.24825649480206e-05,7.876701408531516e-05
2343,7.240006037237536e-05,4.801905219210312e-05,7.180411168212433e-05,7.885164525359867e-05
2344,6.0994765016302056e-05,5.281167774228379e-05,7.161459216505237e-05,7.785712325130589e-05
2345,6.574766416128518e-05,5.142009453265928e-05,7.12389867718836e-05,7.840219874051398e-05
2346,7.472818699574822e-05,7.019375756499358e-05,7.108820410325683e-05,7.836393910110926e-05
2347,7.235009126209964e-05,8.67105126962997e-05,7.188879057438397e-05,7.783531275927088e-05
2348,6.0474444019039056e-05,0.00011115179368061944,7.099060125328834e-05,7.768198311096056e-05
2349,6.433999790816517e-05,5.412789745605551e-05,7.044358036154233e-05,7.846571655245499e-05
2350,6.724076859730607e-05,4.828785589779727e-05,7.017000370332324e-05,7.824522416340189e-05
2351,5.95815707250343e-05,4.805705699254759e-05,6.966126159321802e-05,7.785731899202802e-05
2352,8.24541415204294e-05,0.0002196766814449802,7.030977813911808e-05,7.837834871024826e-05
2353,7.241386087520772e-05,5.3782350150868296e-05,7.041057331354955e-05,7.66007697558962e-05
2354,8.379315837777944e-05,4.75763161375653e-05,6.965269508412653e-05,7.581713359686546e-05
2355,5.6788246761748776e-05,5.099902453366667e-05,7.033078624081101e-05,7.701973184593955e-05
2356,6.81706482040075e-05,5.755818448960781e-05,7.035648188013714e-05,7.735290542477742e-05
2357,7.030128228507237e-05,7.488382208975964e-05,7.061603758888345e-05,7.727558861370198e-05
2358,7.739030410044103e-05,5.383744617574848e-05,7.017982773072112e-05,7.756907013827004e-05
2359,7.985469780073294e-05,5.824355539516546e-05,6.998134184929465e-05,7.657078292686493e-05
2360,5.668851342407935e-05,4.8491171619389205e-05,7.0224364840639e-05,7.608876195736231e-05
2361,7.436126362234871e-05,0.00020223115803673863,7.07345406390636e-05,7.589098585303875e-05
2362,8.762137034662172e-05,0.00011672668188111857,7.09083892235261e-05,7.858296725316905e-05
2363,6.80926269140198e-05,4.836870706640184e-05,7.088475000976665e-05,7.847435126313939e-05
2364,7.477129646253565e-05,7.858356155338698e-05,7.12421627797691e-05,7.857871915912254e-05
2365,6.222612526875714e-05,5.987712051137351e-05,7.066097893322068e-05,7.189069399028084e-05
2366,6.58576883142814e-05,5.2788812608923764e-05,7.058279755729017e-05,7.186914553167297e-05
2367,7.962688268485686e-05,0.00013108900369843468,6.990615249362438e-05,7.394995036884209e-05
2368,7.304245135552871e-05,5.634839166305028e-05,7.049234990570564e-05,7.389550310908815e-05
2369,6.748365773496012e-05,5.087875746539794e-05,7.031815134315466e-05,7.50837687810417e-05
2370,5.484241770722696e-05,5.875713264686056e-05,7.015747508202264e-05,7.420497506973333e-05
2371,6.976603996008634e-05,4.523657727986574e-05,6.917282199331869e-05,7.527752214227803e-05
2372,7.842566604570796e-05,7.4659988458734e-05,6.832477196067985e-05,7.486706146737561e-05
2373,7.322883897965464e-05,0.0001062073910725303,6.988121943011517e-05,8.049058713950218e-05
2374,6.868621251972702e-05,0.00012142743245931342,6.97501004589463e-05,7.574676571530292e-05
2375,6.664978825331976e-05,4.557245614705607e-05,6.902900841733856e-05,7.441669765394182e-05
2376,6.85168899750958e-05,5.066625439212658e-05,6.914043562460898e-05,7.429150524549189e-05
2377,6.792454535671924e-05,5.247605222393759e-05,6.899665924914493e-05,7.570159362512642e-05
2378,7.045932647694523e-05,5.3243638685671616e-05,6.94351721535592e-05,7.603188770590351e-05
2379,6.687703178613446e-05,9.959643706679344e-05,6.918297884209703e-05,7.677601731265895e-05
2380,7.144318206378052e-05,4.963784303981811e-05,6.939678562080696e-05,7.346094516105949e-05
2381,6.381568414023302e-05,8.726482628844679e-05,6.859911532018386e-05,7.321841788943856e-05
2382,6.628437575677203e-05,5.291397930704989e-05,6.885265897564952e-05,7.328802504925987e-05
2383,5.277397688284206e-05,8.065112298936583e-05,6.963978212604867e-05,7.30499304656405e-05
2384,5.865344698476191e-05,4.7982038522604854e-05,6.931334010975357e-05,7.333895069314168e-05
2385,9.559970015996239e-05,0.00018907931342255325,6.906549751826484e-05,7.45892930077389e-05
2386,7.108328934312643e-05,8.363562243175693e-05,6.885537009915829e-05,7.263118178816513e-05
2387,6.959406930642823e-05,8.347498034709133e-05,6.874136804819703e-05,7.013016230775973e-05
2388,7.087830709578055e-05,4.523889685515314e-05,6.903584770285911e-05,7.326824406045489e-05
2389,7.117688707593415e-05,0.00011383577104425058,6.968958137100951e-05,7.395632951520383e-05
2390,7.318894787911429e-05,6.813447253080085e-05,7.052304409557515e-05,7.481021117419004e-05
2391,5.955285552772693e-05,7.139205277781002e-05,6.999638038024487e-05,7.618201088043862e-05
2392,8.49720521526049e-05,4.821219990844838e-05,6.982081540417211e-05,7.438619916210884e-05
2393,5.310069383995142e-05,5.028520987252705e-05,6.898463963217283e-05,7.466880459105597e-05
2394,7.382224912160179e-05,5.261893646093085e-05,6.915683489787626e-05,7.300618482404387e-05
2395,7.452049646720601e-05,5.28047680563759e-05,6.939476684993779e-05,7.624562898417933e-05
2396,6.160498955270871e-05,5.2462082967394965e-05,6.99991645635843e-05,7.576586854993365e-05
2397,7.222960125848961e-05,0.00010591854632366449,6.993349745413676e-05,7.56547903874889e-05
2398,6.797565350199067e-05,5.725461058318615e-05,6.895089704371963e-05,7.01208992919419e-05
2399,6.583616124569542e-05,5.890194544917904e-05,6.856867054545244e-05,6.858222281443887e-05
2400,7.401177961987237e-05,0.00012402449996443466,6.867227051229241e-05,6.796074607991613e-05
2401,8.48602316788553e-05,6.786839076085016e-05,6.82226066110565e-05,6.817825119942425e-05
2402,8.876111347086003e-05,7.382309369859286e-05,6.93901421510317e-05,6.541817493271082e-05
2403,5.729273359368866e-05,8.753863134188578e-05,6.922283665125077e-05,6.603391757817007e-05
2404,6.24879073843153e-05,5.470114410854876e-05,6.961099862771032e-05,6.520953420549629e-05
2405,5.053878776379861e-05,5.67029787634965e-05,6.84946503459489e-05,6.578383989399297e-05
2406,6.812056578281852e-05,4.569933211314492e-05,6.866193716656805e-05,6.624550371780058e-05
2407,7.223267455831067e-05,0.00013390008331043646,6.810729941660409e-05,6.61457093548961e-05
2408,6.788391972400456e-05,6.865711213322357e-05,6.782282213211551e-05,6.586387311690487e-05
2409,5.7011769248573626e-05,4.520508446148597e-05,6.840867301281022e-05,6.783810034394264e-05
2410,7.103468989953398e-05,5.0732036033878106e-05,6.828447136536446e-05,6.743582922499628e-05
2411,6.152762688644645e-05,4.516871049418114e-05,6.831932805265144e-05,6.833225344307722e-05
2412,7.2184068477428e-05,6.793806198402308e-05,6.823385016145443e-05,6.894278861582281e-05
2413,5.9636709564882846e-05,5.067652484285645e-05,6.79328265900646e-05,6.635617807623931e-05
2414,0.00010036527557531371,4.483386437641457e-05,6.683290405101919e-05,6.637812649132683e-05
2415,6.900631038459121e-05,8.35280386672821e-05,6.579425344922734e-05,6.756546479300596e-05
2416,6.925690493921543e-05,5.0782468460965904e-05,6.598605238800195e-05,6.589887632871978e-05
2417,5.706334510856929e-05,6.256984212086535e-05,6.678006658621599e-05,7.052226608502677e-05
2418,5.728286435543042e-05,6.182680546771735e-05,6.851829057915085e-05,7.044431738322602e-05
2419,5.9956305372502865e-05,5.012407738831826e-05,6.84268127305485e-05,7.045864552492276e-05
2420,6.740856435499153e-05,4.575886210659519e-05,6.862892781112655e-05,6.7011427518446e-05
2421,7.625126157007697e-05,0.00010181776364333928,6.837813444370922e-05,6.801535073900596e-05
2422,6.912456007234545e-05,9.586176835000514e-05,6.884322971293134e-05,6.797621868900026e-05
2423,6.884707068416497e-05,7.96652160352096e-05,6.911315185748713e-05,6.770093424711379e-05
2424,6.369921396577007e-05,7.416532476781867e-05,6.922840552708496e-05,7.08804132009391e-05
2425,6.648619033512659e-05,5.935923647484742e-05,6.851377698379413e-05,7.104272556025537e-05
2426,5.736216820271996e-05,6.841710113803856e-05,6.874399654948825e-05,7.209620754583739e-05
2427,6.279484842606406e-05,0.00010350655124057084,6.745271861598465e-05,7.330715834395962e-05
2428,6.208770706305383e-05,4.587391973473131e-05,6.721831763894038e-05,7.29990108346101e-05
2429,8.233826233966587e-05,0.0001702858880162239,6.693260717082818e-05,7.522613683831878e-05
2430,9.399438758717023e-05,5.475426121847704e-05,6.736969834212989e-05,8.241220023483038e-05
2431,6.583361956775965e-05,4.60575356555637e-05,6.779619293099838e-05,8.19856202811934e-05
2432,7.72855515727618e-05,4.771963314851746e-05,6.818073189836772e-05,8.303129019332118e-05
2433,6.161408553857149e-05,9.375519264722243e-05,6.779062395378584e-05,8.326681896578521e-05
2434,6.86391509791267e-05,4.422678321134299e-05,6.718828803245236e-05,8.175604730495253e-05
2435,7.778274351342892e-05,4.384992498671636e-05,6.680637769394605e-05,7.980993894743735e-05
2436,6.440896862639217e-05,0.0001246556843398139,6.661647110627705e-05,7.936244007432837e-05
2437,5.4318354895157326e-05,7.199587096692994e-05,6.642907969168543e-05,8.023475015652367e-05
2438,6.539219870723576e-05,7.701357448240742e-05,6.773999682401256e-05,8.31717235618271e-05
2439,6.80833272377236e-05,7.510763432946988e-05,6.781537716322216e-05,8.254257098305971e-05
2440,6.314628595848464e-05,7.582435093354433e-05,6.76562029470612e-05,8.01432423410006e-05
2441,6.211414323641091e-05,0.00010646061855368316,6.786537910067838e-05,8.001247011125088e-05
2442,6.799062439111165e-05,0.00024222142703365536,6.722430083124588e-05,7.892589352559297e-05
2443,6.794522907714256e-05,5.1162306626792996e-05,6.659702180056938e-05,7.847088921698742e-05
2444,6.956977955673614e-05,7.62658251915127e-05,6.655605460174331e-05,7.951274476363325e-05
2445,5.7655865740444926e-05,5.164708141819574e-05,6.562486513576006e-05,7.951799972215668e-05
2446,6.119286353673992e-05,6.404847212252207e-05,6.613862298545429e-05,7.864570653182456e-05
2447,5.957680160968771e-05,4.7209059412125496e-05,6.581552574837892e-05,7.918280123267326e-05
2448,6.409940599243985e-05,6.847774420748465e-05,6.550769287989371e-05,7.915877894847657e-05
2449,5.901442860097935e-05,9.597307682270184e-05,6.586785200051964e-05,7.616839742986488e-05
2450,9.925911864330474e-05,0.00013278357160743327,6.61448638084241e-05,7.594153465470301e-05
2451,5.9246676682960244e-05,5.268828666885384e-05,6.591272322111763e-05,7.538550546742047e-05
2452,5.881549302203995e-05,4.35233351890929e-05,6.568913487911534e-05,7.422529875766486e-05
2453,6.73171109034835e-05,4.260461399098858e-05,6.623640054798064e-05,7.311082130181602e-05
2454,6.631130560385321e-05,0.00014312147337477654,6.69143652362335e-05,7.062312753405422e-05
2455,7.831241182025729e-05,4.3379153503337875e-05,6.624876616810474e-05,6.430326837580652e-05
2456,6.480943959710809e-05,7.21039243217092e-05,6.618796162155277e-05,6.72959638061002e-05
2457,5.400581492318047e-05,4.785100711160339e-05,6.595998313164778e-05,6.603132993914188e-05
2458,7.445803178092724e-05,7.194786288891919e-05,6.68162257101762e-05,6.571704671951012e-05
2459,6.0561720052242486e-05,5.765415073256008e-05,6.651519852215036e-05,6.51905903010629e-05
2460,7.008692180129906e-05,4.324936788179912e-05,6.676086752154839e-05,6.670530756236987e-05
2461,7.341294664204017e-05,4.9896146374521775e-05,6.658634151794508e-05,6.62939501577057e-05
2462,6.12436500927692e-05,6.632430158788338e-05,6.648631749639108e-05,6.41751412593294e-05
2463,5.958868402457382e-05,6.311284480034374e-05,6.561907947778107e-05,6.11754590878263e-05
2464,6.249361868766654e-05,4.610246658558026e-05,6.579551009490389e-05,6.106806565076113e-05
2465,7.682792768011697e-05,4.7962414537323636e-05,6.57772582679172e-05,6.525254315929488e-05
2466,7.906326044273252e-05,4.426827435963787e-05,6.649879407098827e-05,6.574358218931593e-05
2467,5.1350647687892585e-05,8.422494807746262e-05,6.602888903095543e-05,6.371438032365405e-05
2468,6.64251154133429e-05,0.00012597969238413497,6.565545329714142e-05,6.396731020649895e-05
2469,6.387031730911178e-05,4.46499785175547e-05,6.559150362607196e-05,6.402677752193995e-05
2470,7.906193020365512e-05,4.379000092740171e-05,6.558334374017756e-05,6.386691228835845e-05
2471,5.366718383609421e-05,5.088706166134216e-05,6.54905535099614e-05,6.586163786705583e-05
2472,6.571852659463831e-05,8.507699094479903e-05,6.631801931071095e-05,6.527866294491104e-05
2473,5.973625590235719e-05,5.8193809090880675e-05,6.574743153113458e-05,6.596184624941087e-05
2474,5.6513828062129e-05,4.300285436329432e-05,6.515796730026422e-05,6.781129230512305e-05
2475,7.757816817805481e-05,5.779151731985621e-05,6.485499016271206e-05,6.813306982512584e-05
2476,6.365744211103043e-05,5.0003450742224234e-05,6.532132782368636e-05,6.728599161142483e-05
2477,5.8359197347373186e-05,0.00014813527290243655,6.718300911549401e-05,6.710801597801036e-05
2478,8.53555059802602e-05,5.4880589741515e-05,6.670010901434579e-05,6.815046973642892e-05
2479,5.456367960303194e-05,9.239142673322931e-05,6.733277830272628e-05,6.820227647549474e-05
2480,6.89765184749073e-05,4.9702400574460625e-05,6.750900276302774e-05,6.714432261651383e-05
2481,6.321069782037132e-05,7.359060720773413e-05,6.708182190551372e-05,6.38826476642862e-05
2482,5.3801817775820384e-05,4.3854376272065566e-05,6.655132285248127e-05,6.643106566043571e-05
2483,7.213827602552353e-05,0.00012181600235635415,6.692076811094822e-05,6.801186705124564e-05
2484,8.124836507098129e-05,4.307977767894044e-05,6.704219968491492e-05,6.842088930425235e-05
2485,5.5822227311889745e-05,6.032895049429499e-05,6.749473581019428e-05,6.717516449280084e-05
2486,5.867634087028111e-05,9.613229776732624e-05,6.74854989787693e-05,6.732899884227663e-05
2487,5.36692216539652e-05,7.436873958795332e-05,6.784154773114197e-05,6.768600839423016e-05
2488,7.124712554893146e-05,4.193588945781812e-05,6.721364754581979e-05,6.758797203656286e-05
2489,0.00010903565098285779,4.16530757502187e-05,6.677165327774774e-05,6.731872512609698e-05
2490,6.475542515141165e-05,7.402375849778764e-05,6.676652265854904e-05,6.621771295904183e-05
2491,9.487999265224466e-05,4.556344283628278e-05,6.599000169032176e-05,6.572518180473708e-05
2492,5.575625919542896e-05,5.777610160293989e-05,6.651034626136405e-05,6.402526166057214e-05
2493,5.574559397549213e-05,4.443781857844442e-05,6.625420464600515e-05,6.374539050739258e-05
2494,5.0607840983300575e-05,0.00010836042842129246,6.64265211359533e-05,6.272408312652261e-05
2495,8.829806166532863e-05,8.331003569765016e-05,6.713377323030725e-05,6.27429910004139e-05
2496,5.670297318526233e-05,6.111261798650957e-05,6.712342898713863e-05,6.008470939705149e-05
2497,7.703192972662186e-05,5.39338706585113e-05,6.647915199428097e-05,6.230110365431756e-05
2498,5.950533511673307e-05,6.20396678277757e-05,6.787954095004048e-05,6.544275156338699e-05
2499,6.541504687144577e-05,5.192809316213243e-05,6.856502263431644e-05,6.332893985672854e-05
2500,6.188066354500026e-05,5.534060837817378e-05,6.854420608207065e-05,6.338234643917532e-05
2501,5.260758540922931e-05,4.32722779805772e-05,6.778247826991396e-05,6.576727426145226e-05
2502,5.823093186740556e-05,0.00012060996872605757,6.629951408378677e-05,6.9981995242415e-05
2503,6.594248177457808e-05,4.2567310883896426e-05,6.65118262469251e-05,6.904087014845572e-05
2504,6.757229387908915e-05,4.989342312910594e-05,6.497295792052884e-05,6.906336653628387e-05
2505,6.257297809093466e-05,4.270562174497172e-05,6.54903752014636e-05,6.922327743377536e-05
2506,6.75186100690755e-05,4.805792268598452e-05,6.61940401704568e-05,7.189550653565675e-05
2507,7.148312013466946e-05,4.4327073119347915e-05,6.64981607438272e-05,7.607375885127113e-05
2508,7.187966994630794e-05,5.5358962272293865e-05,6.559813274135295e-05,7.44311238231603e-05
2509,6.514144024953971e-05,9.848963411059231e-05,6.61900209211227e-05,7.519685126608237e-05
2510,9.083195120587738e-05,0.00013887014822103083,6.548738244228944e-05,7.531816118862478e-05
2511,7.581338297717997e-05,4.3287005100864915e-05,6.584492808421298e-05,7.593840681365689e-05
2512,5.3148807847820635e-05,7.570390414912253e-05,6.581612249073158e-05,7.567880015121772e-05
2513,5.220393024501391e-05,0.00010155908501474186,6.557432138361036e-05,7.688983197440394e-05
2514,7.196154632967793e-05,0.00014702110027428717,6.590924130319358e-05,7.732338712085038e-05
2515,7.006322922987035e-05,5.049563114880584e-05,6.681750169211428e-05,7.438732033479026e-05
2516,5.640828449233797e-05,4.6125852531986314e-05,6.646637127236723e-05,7.475911247893237e-05
2517,6.869169121879775e-05,6.177387404022738e-05,6.63810344438793e-05,7.465502155246212e-05
2518,7.333721820032224e-05,0.00011124354612547905,6.656770504325525e-05,7.582659218460321e-05
2519,5.821085531756075e-05,0.00021281673631165176,6.642445057093736e-05,7.665047296904959e-05
2520,6.579736160347238e-05,4.2244159994879735e-05,6.688321683549375e-05,7.695777804474346e-05
2521,7.150017767950582e-05,8.025580405956135e-05,6.616143768931378e-05,7.654187271837146e-05
2522,5.946596775579059e-05,5.696661872207187e-05,6.605072467646096e-05,7.605378490407022e-05
2523,6.844397616482133e-05,7.75458084535785e-05,6.468160029326101e-05,7.254348594578916e-05
2524,6.469490703441099e-05,4.543792660115287e-05,6.373323984088429e-05,7.447721195057966e-05
2525,5.5835635866969826e-05,8.561640395782889e-05,6.448171829914726e-05,7.430876037687994e-05
2526,6.098058339880986e-05,5.411115664173849e-05,6.501375269823864e-05,7.69699016062077e-05
2527,8.093744159042318e-05,4.7208299074554814e-05,6.485049593288244e-05,7.324079961981624e-05
2528,5.716422128090118e-05,5.186211448744871e-05,6.450254502512204e-05,7.290290975361131e-05
2529,6.543887316689102e-05,4.729114996735007e-05,6.463129934046366e-05,7.344351058709435e-05
2530,6.723974307533354e-05,7.199488754849881e-05,6.42023630734507e-05,7.332000284222886e-05
2531,6.393724826112804e-05,6.865494229714386e-05,6.367844927881377e-05,7.083725989796223e-05
2532,8.29522767485792e-05,5.2009700011694805e-05,6.405828500832689e-05,6.4896827028133e-05
2533,5.383519129180867e-05,4.496132911299355e-05,6.373937639841136e-05,6.783843320445158e-05
2534,6.237361492821946e-05,8.628743875306099e-05,6.343127005804691e-05,6.827234689262695e-05
2535,5.660384162587838e-05,5.1112674264004454e-05,6.318485691347935e-05,6.791120398556814e-05
2536,5.210437166776198e-05,9.163015522062779e-05,6.280529181434151e-05,6.648511444218455e-05
2537,7.186076930439514e-05,7.149261480662972e-05,6.307095216276745e-05,6.654152299743145e-05
2538,6.550479022229815e-05,0.00016808761574793607,6.324514153562227e-05,6.946627523284405e-05
2539,6.788012719577333e-05,5.379355061450042e-05,6.37851106885743e-05,7.087845944915898e-05
2540,6.136445653586028e-05,4.204838449368253e-05,6.293822235440732e-05,7.413469518069179e-05
2541,5.962714237587837e-05,5.964087336906232e-05,6.36425931756902e-05,7.370063278940507e-05
2542,5.796828454347431e-05,5.868618041859008e-05,6.323180048040942e-05,7.35334105032962e-05
2543,6.023937333439891e-05,4.9174972518812863e-05,6.287869444737832e-05,7.265593918273225e-05
2544,6.770674855538851e-05,6.430591456592083e-05,6.344073768511105e-05,7.157583383959719e-05
2545,5.782464635558426e-05,0.00011578431440284476,6.247754883629063e-05,7.167488586856052e-05
2546,6.379751917039458e-05,9.110364626394585e-05,6.251742677543209e-05,7.182772496598773e-05
2547,5.3305639141601405e-05,4.793804604560137e-05,6.242153017018509e-05,7.00095062435139e-05
2548,5.895484868637545e-05,4.189356986898929e-05,6.233403068617917e-05,6.979378603864463e-05
2549,7.133641574505924e-05,4.684814048232511e-05,6.286597156948926e-05,6.853372916812078e-05
2550,6.019037018834044e-05,0.00015873520984314383,6.250739439662235e-05,6.854863586486317e-05
2551,7.447981222261054e-05,8.941576204961166e-05,6.232822232543386e-05,6.343336008721963e-05
2552,5.976523323624861e-05,0.00012861419236287475,6.179336629413429e-05,6.349585629068315e-05
2553,7.477349181297339e-05,4.101055470528081e-05,6.175789224087363e-05,6.440596228349023e-05
2554,5.5169055784871385e-05,4.311059281462803e-05,6.251280916621908e-05,6.477290771435946e-05
2555,5.8412092249555924e-05,5.005810453440063e-05,6.258801722304067e-05,6.470514878164976e-05
2556,7.798832920444612e-05,4.1652308718767015e-05,6.30426239383976e-05,6.816403755219653e-05
2557,5.8872555528068914e-05,5.448600073577836e-05,6.33286687374089e-05,7.00867855688557e-05
2558,5.483213977034514e-05,4.878230654867366e-05,6.319207211458382e-05,6.720718555152416e-05
2559,5.99761997970442e-05,4.083197069121525e-05,6.316811932904076e-05,6.525012350757607e-05
2560,5.4416354525730843e-05,4.571966914227233e-05,6.380386044135472e-05,6.655235580401496e-05
2561,6.540289375051441e-05,6.012873345753178e-05,6.376437564483946e-05,6.842190781608225e-05
2562,6.289633998272217e-05,7.186528222518973e-05,6.311511131870146e-05,6.904017849010416e-05
2563,6.1025488442586114e-05,4.020572130684741e-05,6.285641023552873e-05,6.537345206015743e-05
2564,5.450872641328412e-05,5.5355955701088534e-05,6.293499986317734e-05,6.350951844942756e-05
2565,6.0477605204343695e-05,6.480103431385942e-05,6.293149044698416e-05,6.385406260960736e-05
2566,7.850006550951446e-05,6.881450914079323e-05,6.329609645375362e-05,6.422753965598531e-05
2567,5.984848596401409e-05,5.6992207100847735e-05,6.319722141553131e-05,6.621553677250631e-05
2568,7.160454121832218e-05,0.00013564719178248196,6.298142217435979e-05,6.616951286559926e-05
2569,7.485786853067111e-05,0.00011237461498240009,6.19780154290816e-05,6.639013356762008e-05
2570,5.440973078495719e-05,4.379431396955624e-05,6.276432825123064e-05,6.60014694032725e-05
2571,6.319869953181801e-05,4.2177095165243374e-05,6.390093423154516e-05,6.568560641026124e-05
2572,6.919916694945034e-05,8.049385345657356e-05,6.419528172668329e-05,6.66082722018473e-05
2573,5.796772877349415e-05,8.863237017067149e-05,6.495362883530712e-05,6.655902740894816e-05
2574,5.510480759160904e-05,6.230490733287297e-05,6.478567629658048e-05,6.609395699342712e-05
2575,5.37228431090221e-05,6.70670490944758e-05,6.535620815638039e-05,6.483799932757393e-05
2576,7.644455291382554e-05,4.2817421781364826e-05,6.519992551960362e-05,6.742986420285889e-05
2577,5.9677497831419004e-05,0.00013722779636736958,6.516504784522113e-05,6.735024963272736e-05
2578,8.388864198220997e-05,5.034748086472973e-05,6.554975008022869e-05,6.79741547734011e-05
2579,5.269717982931373e-05,9.281052072765306e-05,6.516541209873847e-05,6.782352438895032e-05
2580,5.301711122026771e-05,4.8907506861723956e-05,6.560894332037101e-05,6.85210558178369e-05
2581,5.290316057249179e-05,4.7167826269287614e-05,6.547603391583026e-05,6.506968421163037e-05
2582,7.85303760817947e-05,4.4769396627089005e-05,6.470845872212926e-05,6.220328314229845e-05
2583,8.324728927820817e-05,4.088573172339238e-05,6.489902511174376e-05,6.208925760001874e-05
2584,6.733488717549739e-05,6.389861548086628e-05,6.44445550285228e-05,6.440714562777429e-05
2585,7.337503224132686e-05,4.44885493197944e-05,6.441773089172784e-05,6.318349514040166e-05
2586,6.120408028234831e-05,4.8501973069505765e-05,6.522496831053611e-05,6.299948468222282e-05
2587,7.715963647771989e-05,4.046634057885967e-05,6.521511946565524e-05,6.283508517662994e-05
2588,5.7118422523166775e-05,0.00010500234318897128,6.51936091890093e-05,6.207202291116118e-05
2589,5.363678455372186e-05,5.33655914478004e-05,6.428728589542313e-05,6.224608357879333e-05
2590,7.009516107953256e-05,8.039866283070296e-05,6.434928376337565e-05,6.186297584208659e-05
2591,6.889161597225919e-05,6.504874952952378e-05,6.36175453679041e-05,6.179479574202559e-05
2592,7.093676650482748e-05,7.443049282301217e-05,6.411670933238281e-05,5.966788587393239e-05
2593,6.828180610480356e-05,4.9362901627318934e-05,6.445183203904889e-05,5.941470528487116e-05
2594,5.566848868814608e-05,4.071458824910224e-05,6.471571365319606e-05,5.944863574695774e-05
2595,5.9173890525319926e-05,4.094367541256361e-05,6.386681373664435e-05,6.114466328872368e-05
2596,5.183694745129388e-05,0.00010012429585913196,6.310118658616879e-05,6.522613911074586e-05
2597,6.852856352957639e-05,4.990259127225727e-05,6.322138497877555e-05,6.438382039195859e-05
2598,7.814866424370039e-05,8.403210871620104e-05,6.24042108263691e-05,6.538920903112739e-05
2599,5.4858586469587556e-05,5.819491969305091e-05,6.311672135327374e-05,6.655733076040633e-05
2600,5.318508619287362e-05,4.799049245775677e-05,6.218105827348256e-05,6.651872491929681e-05
2601,5.378647057417159e-05,4.716893847216852e-05,6.213507723231387e-05,6.511214138590732e-05
2602,6.122744453023188e-05,0.00012765010294970124,6.226403784660054e-05,6.675320652429947e-05
2603,6.559518209542148e-05,4.864297836320475e-05,6.199555015353124e-05,6.517655238858424e-05
2604,6.517627894128156e-05,3.963777402532287e-05,6.137494300815485e-05,6.4262950187549e-05
2605,6.13951788869195e-05,4.25779921351932e-05,6.066707109243404e-05,6.59474890329875e-05
2606,5.9500200926170995e-05,4.801608782145195e-05,6.037275955928233e-05,6.610852496232837e-05
2607,5.730787816800229e-05,8.717008517123758e-05,6.084448199027167e-05,6.645631193532608e-05
2608,6.410661051631906e-05,0.000142922627273947,6.107217419873148e-05,6.976966576185079e-05
2609,7.033984699066625e-05,4.2840647511184214e-05,6.161355125821301e-05,6.872196703916417e-05
2610,5.294567843116561e-05,6.962326529901475e-05,6.089204983274815e-05,6.892680796445349e-05
2611,7.901684345496404e-05,7.770501630147918e-05,6.0342778072097446e-05,6.899293293827215e-05
2612,5.3768059482940265e-05,3.950119455112144e-05,6.070908509039631e-05,6.832171178830324e-05
2613,5.5968896493949514e-05,6.983775485423393e-05,6.206503430730663e-05,6.800236116105224e-05
2614,5.6860799910888694e-05,9.439221990760416e-05,6.243916575719291e-05,6.779306750686373e-05
2615,6.338296875280017e-05,4.098230943782255e-05,6.23615462921508e-05,6.466148662439082e-05
2616,5.337643733784919e-05,4.220869450364262e-05,6.200374751481124e-05,6.480886721692515e-05
2617,5.3239968611807044e-05,0.00011654396395897492,6.185220835161292e-05,6.7330954541103e-05
2618,6.092401777601077e-05,5.3388799860840665e-05,6.228109408499828e-05,6.781469846318942e-05
2619,6.746154946287991e-05,4.9409262574044986e-05,6.220397114132842e-05,6.7599540707306e-05
2620,6.486619573681511e-05,0.00012377752107568086,6.191450215895506e-05,6.609874965797645e-05
2621,6.53713739383319e-05,7.393182779196649e-05,6.164674173503753e-05,6.348412390507292e-05
2622,5.049102789295527e-05,5.502361440449022e-05,6.11076502688876e-05,6.68810392584419e-05
2623,6.441687022743281e-05,8.568523306166753e-05,6.222629937304493e-05,6.630392558581661e-05
2624,6.401626192705912e-05,4.141439094382804e-05,6.161485193361942e-05,6.529565091768746e-05
2625,8.70838166156318e-05,4.000672677648254e-05,6.174627390994121e-05,6.724404793058056e-05
2626,6.313975682132877e-05,4.193659711745567e-05,6.212841908563861e-05,6.607866859703791e-05
2627,5.928695790417906e-05,4.9360580887878314e-05,6.203379444842642e-05,6.454769586271141e-05
2628,5.665021266193233e-05,5.2327493176562714e-05,6.262261618394405e-05,6.477087321691213e-05
2629,6.13877998613235e-05,0.00010268995712976903,6.323262179147503e-05,6.819123005261643e-05
2630,7.211732222155357e-05,5.467159018735401e-05,6.367196639217178e-05,6.563846490462311e-05
2631,5.757212733442429e-05,4.2637143924366686e-05,6.342657295980543e-05,6.508513744920494e-05
2632,5.007115360866818e-05,4.965030893799849e-05,6.293360662271476e-05,6.626397066283971e-05
2633,5.741259991838079e-05,7.755698345135898e-05,6.291184209888647e-05,6.291273938841186e-05
2634,5.686256033691785e-05,0.0001277635313454084,6.234087345397308e-05,6.292513438384049e-05
2635,8.091190603509959e-05,5.519542348338291e-05,6.246125212346669e-05,6.297201036359184e-05
2636,6.373065746932601e-05,5.249814959825017e-05,6.27181989794028e-05,6.253628002596087e-05
2637,5.7053608890985033e-05,8.82111198734492e-05,6.271228839048289e-05,6.294385562941897e-05
2638,6.552252588638415e-05,4.070327151566744e-05,6.133615282791047e-05,6.313672829710412e-05
2639,5.449518398058394e-05,5.611790154944174e-05,6.147002766245148e-05,6.39153184281895e-05
2640,7.810351214074116e-05,4.6561743292841126e-05,6.181730833357304e-05,7.29225921066245e-05
2641,6.862657752612399e-05,0.00012771761539625003,6.192817928191896e-05,7.273042672022711e-05
2642,6.422358362922549e-05,5.27248352591414e-05,6.265635943499447e-05,7.01585942559177e-05
2643,5.478918196685198e-05,3.9555613475386054e-05,6.21050092427241e-05,7.017157239315565e-05
2644,5.513739103561319e-05,7.888009291491471e-05,6.206445849319505e-05,7.078625113063026e-05
2645,6.432208264110765e-05,3.99967392149847e-05,6.271967461539639e-05,7.159159576694947e-05
2646,5.1097157815497164e-05,7.424170267768204e-05,6.346090472781928e-05,7.311779722513167e-05
2647,5.350049463029589e-05,5.619551389827393e-05,6.384905140051463e-05,6.974007688695566e-05
2648,7.084054162583521e-05,7.47919746208936e-05,6.279350474117867e-05,6.910851554712282e-05
2649,6.386849720406139e-05,5.160378103028052e-05,6.25967488402643e-05,6.862121759331787e-05
2650,5.268042755132127e-05,4.482854346861131e-05,6.240916293124124e-05,6.681359997019172e-05
2651,6.648662768485438e-05,6.140135039458983e-05,6.250649355788483e-05,6.867177082458512e-05
2652,6.796897468221788e-05,0.00027454242284875364,6.269216729043465e-05,6.826458789873869e-05
2653,5.942198637058027e-05,4.7523358516627924e-05,6.144759851093921e-05,6.818446909310297e-05
2654,7.959230368821106e-05,3.8394145522033794e-05,6.058279148290036e-05,6.484645732562059e-05
2655,5.8333567414794944e-05,5.499604361830279e-05,6.020839191106562e-05,6.5255912829889e-05
2656,5.6558358596198054e-05,5.800411236123182e-05,6.0785464901224866e-05,6.580294307204895e-05
2657,6.645155666370152e-05,6.978392484597861e-05,6.129222831174654e-05,6.438730147783645e-05
2658,7.594335272895276e-05,0.00011571201990591362,6.078649315604706e-05,6.455586155643686e-05
2659,6.656622715430178e-05,4.3320522891008296e-05,6.100438805216173e-05,6.334625363524537e-05
2660,5.45232395517006e-05,3.940638998756185e-05,6.164514033573344e-05,6.296478954900521e-05
2661,5.8811759946466836e-05,4.031570075312629e-05,6.144315170871172e-05,6.30964107491309e-05
2662,5.2363961165408704e-05,4.302067929529585e-05,6.176524062579522e-05,6.289766028930899e-05
2663,6.795579155247348e-05,8.715754287550226e-05,6.229725370018665e-05,6.485734646266793e-05
2664,5.913702729432973e-05,4.593832840328105e-05,6.171767474621042e-05,6.400011225487107e-05
2665,4.698929265335513e-05,4.455877315194812e-05,6.151857740624108e-05,5.513084930134938e-05
2666,4.7006401825152955e-05,4.426732120919041e-05,6.181128591625666e-05,5.689112387481146e-05
2667,5.486359433335666e-05,6.29612228658516e-05,6.118310330218972e-05,5.722870152094402e-05
2668,6.921600672083311e-05,5.323136952938512e-05,6.12690531883143e-05,5.661678230389953e-05
2669,6.780647629865497e-05,4.348905305960216e-05,6.140683597817163e-05,5.626878112088889e-05
2670,5.1678703748621046e-05,4.421074117999524e-05,6.080173467230958e-05,5.55802924442105e-05
2671,5.654453021836363e-05,4.400150464789476e-05,5.992128935225386e-05,5.361540497979149e-05
2672,6.951930171958844e-05,4.665891174226999e-05,5.981816751510552e-05,5.345727699750568e-05
2673,6.579082595029226e-05,7.808250462403521e-05,6.053445115265075e-05,5.377035485580563e-05
2674,7.192072013114942e-05,4.663501953473315e-05,6.089245419393088e-05,5.404962470347528e-05
2675,6.598075441110672e-05,9.382069780258462e-05,6.077870281264445e-05,5.4071576867136183e-05
2676,5.1997153835448744e-05,3.997049519966822e-05,6.049115684484909e-05,5.2140473722829483e-05
2677,6.29915411829845e-05,5.281084901071154e-05,6.0086881429661945e-05,5.2687466234783635e-05
2678,6.673969912096961e-05,9.153022285318001e-05,6.007602556184995e-05,5.4394768981728705e-05
2679,6.388773833653734e-05,4.683358667534776e-05,6.1086362700088e-05,5.429914420819841e-05
2680,6.0482314567909476e-05,3.96980631921906e-05,6.1086607864935e-05,5.32844406669028e-05
2681,6.00029283426314e-05,4.9304082785965875e-05,6.063342951108806e-05,5.30783804017119e-05
2682,5.1324024017149996e-05,5.257170792901888e-05,6.0384321694275266e-05,5.299156925175338e-05
2683,5.393221972755984e-05,6.658983329543844e-05,6.067203846242693e-05,5.322193154715933e-05
2684,6.39881812255933e-05,3.936732333386317e-05,6.039330887853996e-05,5.348223143082578e-05
2685,7.243033049033126e-05,4.723333644506056e-05,6.033001869444788e-05,5.790756391652394e-05
2686,6.776183597846991e-05,4.729744694486726e-05,6.030681356755345e-05,5.7218252061284144e-05
2687,4.952017663324821e-05,4.356948338681832e-05,5.9874140281074994e-05,5.827965828066226e-05
2688,6.076714235758926e-05,3.887996426783502e-05,6.033082128592974e-05,5.6801595896831717e-05
2689,4.903014191465142e-05,5.961314120213501e-05,6.015908112038031e-05,5.794738875119947e-05
2690,4.6717895958055224e-05,8.724134182557464e-05,6.086345644822965e-05,5.826296693412587e-05
2691,7.226483028110427e-05,4.1876701870933176e-05,6.088619704662253e-05,5.6169844261603435e-05
2692,5.486972345453169e-05,3.759363433346152e-05,6.0590104595111266e-05,5.6400569103425364e-05
2693,5.78865478746593e-05,4.8079862899612636e-05,6.0437210021255945e-05,5.6528850531321945e-05
2694,6.157878087833523e-05,4.1318774310639125e-05,6.0579254579109445e-05,5.732628839614335e-05
2695,5.887162295241271e-05,4.996979856514372e-05,6.0884519500864874e-05,5.6720711811794903e-05
2696,4.95762906211894e-05,5.050900173955597e-05,6.111456744450454e-05,5.582014843530487e-05
2697,6.793704711728625e-05,0.00015729222388472408,6.0477689974423906e-05,5.706652443332131e-05
2698,6.521069777793147e-05,6.0849708243040366e-05,5.979768306133337e-05,5.689097800059244e-05
2699,6.110388796918818e-05,7.317017501918599e-05,5.904304299684656e-05,5.703877869236749e-05
2700,7.73977795324754e-05,5.6869138206820934e-05,5.9216026285624444e-05,5.709598366811406e-05
2701,4.77036496967129e-05,6.861531655886211e-05,5.947634461756226e-05,5.804551871551666e-05
2702,8.060092437921816e-05,6.0700303583871575e-05,6.008979684718522e-05,5.7472192749264644e-05
2703,6.730821408079161e-05,3.9202156040119006e-05,6.0440351937884574e-05,5.5654588624020104e-05
2704,5.648542704875581e-05,5.260170772089623e-05,5.9769527730208616e-05,5.631157279422041e-05
2705,5.665995022152654e-05,4.290509888960514e-05,6.003967951368799e-05,5.641637152875774e-05
2706,6.355404228896886e-05,6.924002940650098e-05,6.089078332200491e-05,5.909583893953823e-05
2707,5.895564706103566e-05,3.7432293320307506e-05,6.0507394667042206e-05,6.172753456048668e-05
2708,5.968341831855166e-05,4.407574888318777e-05,6.052488729635822e-05,6.390915793017484e-05
2709,4.806624447357737e-05,7.052672328427433e-05,6.10658629959087e-05,6.354520879685879e-05
2710,5.5430157663067805e-05,4.284467562683858e-05,6.047081569332577e-05,5.9970585757400846e-05
2711,4.889583436629942e-05,5.099246423924342e-05,6.068616036564991e-05,5.9135430326568896e-05
2712,5.3844758852695425e-05,4.499960778048262e-05,6.06299943905065e-05,5.789836889016443e-05
2713,6.727510065603484e-05,6.261834045290015e-05,5.968293619290409e-05,5.905463547096587e-05
2714,6.436644765522537e-05,4.527999204583466e-05,6.026703833615305e-05,5.837024738430045e-05
2715,5.548177322553885e-05,4.180123869446106e-05,5.907862153544557e-05,5.790845660958438e-05
2716,5.549422508920543e-05,5.8301306125940755e-05,5.881142830217464e-05,5.8138802048051724e-05
2717,6.162351804151614e-05,4.0213602696894666e-05,5.8736894714982354e-05,5.82583925453946e-05
2718,7.916414308258228e-05,0.00011506654816912488,5.926651299103267e-05,5.930717873561662e-05
2719,5.199406450426775e-05,0.00010711116483435035,5.872888426108856e-05,5.844596939568873e-05
2720,5.9308938685313075e-05,0.00010451038280734793,5.883743692199156e-05,6.152578875480685e-05
2721,6.31006831099512e-05,4.1410273406654594e-05,5.891695436455646e-05,6.146031816606409e-05
2722,5.30608645527132e-05,6.792664789827541e-05,5.915707132678816e-05,6.024530557333492e-05
2723,7.059431458603487e-05,3.9970822472241706e-05,5.884912671737968e-05,6.28502955660224e-05
2724,5.969973859060297e-05,4.224363910907414e-05,6.0258177573268764e-05,6.357386424206197e-05
2725,5.372132459241483e-05,8.577580272685737e-05,6.0461692408070024e-05,6.432212620857172e-05
2726,6.230620327793682e-05,5.1505614392226564e-05,6.025484205019893e-05,6.354013147647494e-05
2727,5.089050436153128e-05,4.915553421596996e-05,6.055793666697962e-05,7.336039465735667e-05
2728,6.062838324901855e-05,4.4960792001802476e-05,6.062471161729062e-05,7.380023931036703e-05
2729,5.462208736894859e-05,5.559147015446797e-05,6.067155124506422e-05,7.307764259749092e-05
2730,6.99004071227844e-05,6.912475364515558e-05,6.092971482931818e-05,7.484618745220359e-05
2731,5.011332404036592e-05,4.770979590830393e-05,6.002021959526852e-05,7.521995070565026e-05
2732,6.1669463583611e-05,0.00011442777729826049,6.124003044436298e-05,8.244932284287644e-05
2733,6.1671354382674e-05,4.243898416461889e-05,6.144894307508367e-05,8.010740772297139e-05
2734,5.406916852936977e-05,4.015140846604481e-05,6.083507355441625e-05,8.056006741535386e-05
2735,4.7731542427855956e-05,0.00010796942544402555,6.120280012821443e-05,7.93814333883347e-05
2736,8.412210576352663e-05,6.908168114023284e-05,6.059143788798894e-05,7.92848034267081e-05
2737,5.893262972272674e-05,6.370615694322623e-05,6.033414978284984e-05,7.958370558917525e-05
2738,6.210384170925762e-05,4.3068472150480376e-05,6.0212140081663776e-05,7.810446676448921e-05
2739,7.194381307474234e-05,0.0002907865715678781,6.008455034866024e-05,7.780210174387323e-05
2740,5.715114698331389e-05,5.279735501972027e-05,6.0444177674071405e-05,7.827582579338924e-05
2741,5.666521578354554e-05,4.023638830403797e-05,6.055430110637746e-05,7.947252630256117e-05
2742,6.807760764786508e-05,8.442722406471148e-05,6.115846160116942e-05,7.883582251088229e-05
2743,5.6426762231341045e-05,0.00012441062950529157,6.1003586384241414e-05,8.203005480754655e-05
2744,8.248933573162908e-05,0.00028784546826500447,6.097704368860124e-05,8.16823827655753e-05
2745,6.45317544533302e-05,4.59625048097223e-05,6.117422941283115e-05,7.91404108138522e-05
2746,4.775394509326563e-05,5.2726765716215596e-05,6.114665810115789e-05,8.014867807505653e-05
2747,6.225402889766782e-05,3.8460797222796826e-05,6.1447542413306e-05,8.0599781696219e-05
2748,5.531025858039761e-05,3.7555073431576604e-05,6.171086039135438e-05,7.801978857023641e-05
2749,5.3267535962125596e-05,4.971619317075237e-05,6.060859973012056e-05,7.972049372037872e-05
2750,5.0671082062763164e-05,4.879483210970648e-05,6.041655748235321e-05,8.158295029425062e-05
2751,5.911645995284845e-05,4.3946488876827064e-05,6.0214310436276725e-05,8.37268572882749e-05
2752,5.9881187496810326e-05,6.099863545387052e-05,5.957511118483834e-05,7.373063602426554e-05
2753,6.338146905666994e-05,7.48783047311008e-05,6.0624795302929776e-05,7.486832154972943e-05
2754,6.972609973874771e-05,3.967387536249589e-05,6.074039369640458e-05,7.483193488733378e-05
2755,6.602852669958439e-05,0.00014898056106176226,6.0034303679195656e-05,7.357147183211055e-05
2756,4.9449756649361616e-05,3.901799485902302e-05,5.966418698113153e-05,7.013996791501996e-05
2757,6.659910668935885e-05,5.087847850518301e-05,5.8988951123966314e-05,6.073808825167362e-05
2758,6.0982071590842676e-05,6.764566569472663e-05,5.87919597229403e-05,6.036475944856647e-05
2759,6.159127633307232e-05,5.1428998995106666e-05,5.908637979236018e-05,6.48917139013065e-05
2760,5.4314491879065624e-05,4.346959729446098e-05,5.878362294590463e-05,6.54644495836692e-05
2761,5.65655892326807e-05,0.00011159930989379063,5.901144903845205e-05,6.773507098550907e-05
2762,5.413157352854291e-05,0.00011026757129002362,5.926705605428045e-05,6.72334978240542e-05
2763,5.704766555734548e-05,9.666614700108767e-05,5.930999490471247e-05,6.677032069419512e-05
2764,5.596383178878265e-05,4.0881039967644026e-05,5.9751198327285236e-05,6.734601391945034e-05
2765,8.339324993559988e-05,8.123949315631762e-05,5.920447240512456e-05,6.637136914650909e-05
2766,5.955517562041577e-05,3.93267217441462e-05,5.8972156644126195e-05,6.497839178191499e-05
2767,5.042535721764176e-05,5.291564768413082e-05,5.881733391304604e-05,6.622953695768957e-05
2768,4.7173844779738124e-05,3.862303157802671e-05,5.8598978677117785e-05,6.251428650866729e-05
2769,6.560843930249878e-05,5.279847668134607e-05,5.893705859877325e-05,6.473742722591852e-05
2770,5.960696942767956e-05,3.662928473204374e-05,5.858761978452095e-05,6.496294727257919e-05
2771,5.511444682876269e-05,0.0001659006270347163,5.869786878562689e-05,6.371062799880747e-05
2772,5.4685107736279156e-05,5.277918928186409e-05,5.860917449851211e-05,6.371660593140405e-05
2773,6.1005910894083275e-05,9.432060847757385e-05,5.840307589840248e-05,6.459401809552219e-05
2774,5.965771135783547e-05,3.717686413438059e-05,5.818607270420117e-05,6.459883548959623e-05
2775,5.17445533235635e-05,3.721540386322886e-05,5.825310073172054e-05,6.166368353297002e-05
2776,7.01465455171678e-05,5.833881950820796e-05,5.805092111986598e-05,6.207385813468136e-05
2777,4.6213039442793364e-05,3.663251613033935e-05,5.885711850229807e-05,6.257036321621854e-05
2778,5.757357503171079e-05,4.0053870616247874e-05,5.758965163097149e-05,6.772201838030014e-05
2779,6.585553146174385e-05,7.095250475686044e-05,5.801366170150384e-05,6.796513573790436e-05
2780,6.0569645801378e-05,5.6099299836205316e-05,5.856764160012567e-05,6.738289018103388e-05
2781,5.790175469074812e-05,9.459651279030368e-05,5.870594463938486e-05,6.733388827124145e-05
2782,5.7863136333051244e-05,5.651647967169993e-05,5.83094932109816e-05,6.711332202830817e-05
2783,6.37382966184911e-05,3.633768385043368e-05,5.8258814659913906e-05,7.220740444900002e-05
2784,5.937391915520291e-05,5.157844731002115e-05,5.871946524162518e-05,7.4499202388688e-05
2785,4.916202687632499e-05,6.54049013974145e-05,5.855687981853003e-05,7.602483921509701e-05
2786,5.114050937764761e-05,0.00011171974474564195,5.8660918006919224e-05,7.758834384439977e-05
2787,5.580727421652733e-05,3.688877237436827e-05,5.8665769096033836e-05,7.771299929590895e-05
2788,5.199317526098134e-05,0.00010692051204387098,5.941955678790692e-05,7.984785795561037e-05
2789,7.61187663495851e-05,5.329366700607352e-05,5.9040957696642087e-05,7.924025375396013e-05
2790,5.170657815243531e-05,0.0002100308722583577,5.982500755433446e-05,8.203151202760638e-05
2791,7.01554273837246e-05,4.540465568425134e-05,6.018968557303499e-05,8.319469150155784e-05
2792,6.42748546831879e-05,3.8359508762368934e-05,5.963406769207924e-05,8.340793822426351e-05
2793,5.0631420761217464e-05,3.739798383321613e-05,5.8987171741884795e-05,8.320140871801415e-05
2794,5.569715359241753e-05,4.728432060801424e-05,5.884960785713499e-05,8.09232114290353e-05
2795,5.834000565098702e-05,0.00016398134524933994,5.850354918794539e-05,8.01043909159489e-05
2796,6.663071137154475e-05,0.0002231955755269155,5.790787883638081e-05,8.019105470739304e-05
2797,5.0620472158900356e-05,9.092010994208976e-05,5.7457299391050284e-05,8.009324723971077e-05
2798,6.360686560381307e-05,0.00013340822421014308,5.890247628259304e-05,7.932428462081588e-05
2799,5.977898858570067e-05,4.029325042210985e-05,5.9356145152560204e-05,7.93872563925106e-05
2800,7.05892456203906e-05,9.05868703557644e-05,5.997928996795154e-05,8.247860134288203e-05
2801,6.068156823554697e-05,4.314871446695179e-05,6.022678392142147e-05,8.089197322551628e-05
2802,6.581428588510284e-05,0.00010641397297149524,5.9573578476152356e-05,8.35773631319171e-05
2803,6.669052549922425e-05,6.913335746503436e-05,5.9802728533638095e-05,7.821867632155773e-05
2804,5.196508443785004e-05,7.628367282450199e-05,5.91018728122031e-05,7.828656290948857e-05
2805,4.43972470465168e-05,5.093606217997149e-05,5.896486722817321e-05,7.820440238865558e-05
2806,5.446265757200308e-05,3.764158056583256e-05,5.956759122321575e-05,7.845376866462176e-05
2807,4.9211669603310937e-05,3.604596684454009e-05,5.9452368700537284e-05,7.81040340225445e-05
2808,4.884653782937676e-05,3.850427863653749e-05,5.928967873389613e-05,7.309252627892419e-05
2809,4.810943302193967e-05,4.913326061796397e-05,5.863978622356726e-05,6.66495730576571e-05
2810,8.52914491648941e-05,4.618083592504263e-05,5.917144136935045e-05,6.499968176940455e-05
2811,6.248223112682657e-05,0.00011329403903800994,5.870978957965336e-05,6.124577721348032e-05
2812,7.138589460131091e-05,0.00011417239613365382,5.870017300864371e-05,6.337651166541036e-05
2813,5.818052409772968e-05,6.725480910972692e-05,5.8147412132368317e-05,6.183598689676728e-05
2814,5.978863021785704e-05,0.00012042841466609388,5.813072877548014e-05,6.208820771134924e-05
2815,5.743532958957884e-05,7.606370199937373e-05,5.753264345823683e-05,5.963085385446902e-05
2816,5.263403434784979e-05,4.710182038252242e-05,5.736666920549598e-05,5.862602704728487e-05
2817,6.0849715082440526e-05,3.630549574154429e-05,5.721582196129019e-05,5.719100848364178e-05
2818,6.569952063728123e-05,4.3632140732370315e-05,5.741075387146944e-05,5.6851846704375925e-05
2819,5.281659052545567e-05,3.8540954556083306e-05,5.722457012646676e-05,5.700925203855149e-05
2820,5.4272756484958034e-05,3.86936516588321e-05,5.738810755137819e-05,5.718970007437747e-05
2821,5.0383398613323354e-05,6.212174499523825e-05,5.745815792696601e-05,6.101596657827031e-05
2822,6.391185080347996e-05,4.967282773577608e-05,5.845654812130507e-05,6.135221842268947e-05
2823,5.206557086138572e-05,3.956061031203717e-05,5.816648855333268e-05,6.149242224928457e-05
2824,5.95385743104594e-05,9.356161172036082e-05,5.771204560102585e-05,5.844591079221572e-05
2825,5.67702237135058e-05,5.207375113968738e-05,5.735614707421822e-05,6.354150926636067e-05
2826,6.0264484313342514e-05,4.94542348315008e-05,5.81904201335015e-05,6.244353446818423e-05
2827,5.0862152954020226e-05,4.498012654948979e-05,5.771689767845804e-05,5.911636986711529e-05
2828,6.254116918070293e-05,4.401268728543073e-05,5.74338367095657e-05,5.855238592193929e-05
2829,4.81939033327055e-05,4.0408208733424544e-05,5.7332216596114456e-05,5.8095533246523705e-05
2830,4.927054480099792e-05,4.245701769832522e-05,5.732044197470209e-05,5.8057237192406324e-05
2831,4.980806394693597e-05,4.157671392022166e-05,5.6652697884581165e-05,5.7744096204987724e-05
2832,5.33001052260968e-05,4.055716774018947e-05,5.702931162991769e-05,6.070434316352476e-05
2833,5.059779721907236e-05,0.00013416094123385846,5.7606471084161775e-05,6.0579132265411335e-05
2834,7.306918788041609e-05,5.753955672844313e-05,5.79737541249617e-05,5.971899829455652e-05
2835,7.803995996558417e-05,4.968593158992008e-05,5.8442099044138255e-05,5.963433990837076e-05
2836,5.112115731915563e-05,3.71312526112888e-05,5.851489985038319e-05,5.969731761142613e-05
2837,6.248843143112026e-05,0.0002415623579872772,5.877299945827366e-05,5.9486295841634284e-05
2838,7.903735057981168e-05,3.980543915531598e-05,5.859984857379459e-05,6.008709942689166e-05
2839,4.795056884177029e-05,3.724929963937029e-05,5.807600073134785e-05,5.9578069619601606e-05
2840,5.035880536727038e-05,6.19641033699736e-05,5.8581064817715526e-05,5.939716633874923e-05
2841,5.0093531511568776e-05,3.568050349713303e-05,5.7895061798626546e-05,5.943472364451737e-05
2842,6.05553495471314e-05,3.534809438860975e-05,5.851896232504967e-05,6.047388428123669e-05
2843,4.9005918384258015e-05,3.5803616046905514e-05,5.900141230894304e-05,6.51356585440226e-05
2844,6.223193415886878e-05,0.00011254712851950899,5.9913782442001524e-05,7.025688443973195e-05
2845,6.870174284106017e-05,3.556337920599617e-05,6.111699682628063e-05,7.385732347029263e-05
2846,5.956547463332148e-05,4.061839572386816e-05,6.171598847043544e-05,7.036217749118806e-05
2847,7.56204737828941e-05,4.755636808113195e-05,6.058821089294119e-05,7.267781410482713e-05
2848,5.388559101750919e-05,4.113505288842134e-05,6.0985008573495896e-05,7.218225059914402e-05
2849,6.59910645077212e-05,8.828606747556478e-05,6.0629029332711876e-05,7.239946592308116e-05
2850,5.244145160152887e-05,6.70938407711219e-05,6.0827586288279344e-05,6.417096546210815e-05
2851,4.716828825217413e-05,3.672848964924924e-05,5.976911656584385e-05,6.434655062330422e-05
2852,6.34887551132124e-05,4.0457544528180734e-05,6.0050827317172664e-05,6.431625834084118e-05
2853,4.5391093703478366e-05,4.495161992963403e-05,5.981672755321294e-05,6.379850067023654e-05
2854,6.379141649328327e-05,6.638722465140745e-05,6.0128959733426904e-05,6.660968752985355e-05
2855,6.133179439833233e-05,0.000159001374267973,6.0256963763014124e-05,6.705747493542731e-05
2856,7.261731727339793e-05,0.0001696073613129556,6.089812894165839e-05,6.82489825412631e-05
2857,8.338046483307456e-05,0.0001305681435042061,6.067831658979736e-05,6.518659929861316e-05
2858,6.557258832294287e-05,4.6782291756244374e-05,6.025563295964579e-05,6.539239650592209e-05
2859,4.487474844305931e-05,0.00011543047206941992,6.000552766983876e-05,6.646171330939979e-05
2860,8.79599019794518e-05,3.729684394784272e-05,5.946350722491237e-05,6.837630735826678e-05
2861,4.2221676299555435e-05,4.256163570971694e-05,5.9526835549250894e-05,6.837311717681586e-05
2862,6.74523553203067e-05,3.584984646295197e-05,5.8920337576435296e-05,6.642952320980839e-05
2863,5.2575607518924196e-05,4.419506818521768e-05,5.905637148931015e-05,6.667734023649245e-05
2864,5.49933376249909e-05,3.6491992577794005e-05,5.951108407761139e-05,6.687484334688634e-05
2865,4.4506311268277284e-05,4.9020161604858e-05,5.907774237283675e-05,6.672981413430535e-05
2866,5.7899336016918014e-05,0.00010596017498755828,5.936034490433587e-05,6.633882336609532e-05
2867,6.375545028681194e-05,4.654277952795383e-05,5.853876482392986e-05,6.534107447660062e-05
2868,6.503504785036461e-05,6.55913061928004e-05,5.815395001142559e-05,6.049309337395244e-05
2869,5.673662536234284e-05,3.598754745326005e-05,5.7430731722545013e-05,5.644493296858855e-05
2870,5.81346520872709e-05,4.07083093887195e-05,5.6164178020763854e-05,5.286028038244694e-05
2871,5.331284238814583e-05,6.735131581081077e-05,5.5932916134042894e-05,5.277056431514211e-05
2872,6.206996265973431e-05,9.5421219302807e-05,5.620577202522934e-05,5.426740290713496e-05
2873,5.546879912597231e-05,4.1055298352148385e-05,5.4914514767733644e-05,5.433376696310006e-05
2874,5.0828615187331e-05,3.969621830037795e-05,5.553729470581554e-05,5.6217383276089097e-05
2875,5.584229942340042e-05,7.328926643822342e-05,5.5441857065387824e-05,5.7108558467007254e-05
2876,5.85361029597051e-05,4.166606740909629e-05,5.715395303955625e-05,5.69157345657004e-05
2877,5.265521249384619e-05,3.683181421365589e-05,5.668782643681172e-05,5.700352450367064e-05
2878,5.245615699095652e-05,3.5176850724383256e-05,5.664022009150358e-05,5.704703640367371e-05
2879,4.325191448313288e-05,4.1443502414040265e-05,5.644765167720229e-05,5.806048293306958e-05
2880,5.1711424085725514e-05,3.780184670176823e-05,5.612561026177396e-05,5.857324248063379e-05
2881,5.4536860051383783e-05,6.840335117885843e-05,5.593573482749182e-05,5.743051378813107e-05
2882,5.17166222885458e-05,4.095182885066606e-05,5.607644195180102e-05,5.866067486640533e-05
2883,5.979104115491888e-05,4.453939007362351e-05,5.6894280335109226e-05,5.888123379263562e-05
2884,5.1696145722720153e-05,0.0001528514368692413,5.668737405778504e-05,5.9020555819734016e-05
2885,5.567847054205938e-05,3.8955945346970114e-05,5.6160016042445534e-05,5.663598852406722e-05
2886,5.779117475160294e-05,8.965204353444278e-05,5.627952928011333e-05,5.809747336606961e-05
2887,6.506641430961381e-05,5.812922623590566e-05,5.6819196315579284e-05,5.795300717873034e-05
2888,9.537800687313494e-05,3.9374470652546734e-05,5.702357318708285e-05,5.645952508493793e-05
2889,4.334017255637769e-05,3.868674102704972e-05,5.7241707737719277e-05,5.813854618172627e-05
2890,4.331615263557372e-05,5.010795910493471e-05,5.700541874021939e-05,5.8280108377221034e-05
2891,5.308512565938549e-05,0.00013129633822245524,5.712720736191841e-05,5.826547939213924e-05
2892,5.570441490110372e-05,5.936176821705885e-05,5.7403647813124635e-05,5.873621682403608e-05
2893,6.0288161993311305e-05,3.7023088880232534e-05,5.7862319879899996e-05,5.920200591499451e-05
2894,6.025430347007285e-05,6.67415744101163e-05,5.792382532494634e-05,5.816298961581196e-05
2895,7.858061166997586e-05,4.622228254447691e-05,5.792509082869704e-05,5.8393642780720247e-05
2896,4.814018545504142e-05,7.083436648827046e-05,5.819512784510152e-05,6.313961515843402e-05
2897,4.888601227624652e-05,3.58070369111374e-05,5.821752359479433e-05,5.8726510390988547e-05
2898,5.845663006766699e-05,7.759241940220818e-05,5.843746916038475e-05,6.235486438672523e-05
2899,6.432029107397991e-05,3.608456361689605e-05,5.825816339751731e-05,6.060977385204751e-05
2900,6.0951721210989895e-05,3.59522140934132e-05,5.767366069372251e-05,6.494140050781425e-05
2901,6.398946672561578e-05,8.364159482880495e-05,5.671243298614474e-05,6.50275088410126e-05
2902,4.674798755634886e-05,4.0370869101025164e-05,5.704391386049489e-05,6.698147349816281e-05
2903,5.55008725334321e-05,3.4811126097338276e-05,5.788801108849131e-05,6.919740700104739e-05
2904,5.016292576328851e-05,5.3211938211461526e-05,5.846173757616068e-05,6.558426491683348e-05
2905,6.317822575510945e-05,4.9446573975728824e-05,5.8117290302955854e-05,7.22107000008691e-05
2906,5.607449617754254e-05,4.24279436992947e-05,5.8186690319174275e-05,7.215030497463885e-05
2907,5.17482598823133e-05,4.671815797337331e-05,5.749347167891554e-05,7.113375254266429e-05
2908,6.654196656503093e-05,0.00016318869951646774,5.714123222537132e-05,7.065643477253615e-05
2909,5.225603946504028e-05,4.2523817683104426e-05,5.705922175159988e-05,6.950094006606377e-05
2910,6.117710968182008e-05,0.00012966479524038733,5.743222510484177e-05,7.024089624756014e-05
2911,5.330853067991686e-05,4.602478016749956e-05,5.706310627299697e-05,6.897486912203021e-05
2912,5.045384671474393e-05,0.00016641989263007417,5.6434419225843156e-05,6.931770083319862e-05
2913,7.134731418369079e-05,4.152717898250557e-05,5.657133364568128e-05,6.926573830423877e-05
2914,5.162719441513117e-05,8.753585745580495e-05,5.596823691852882e-05,6.91732342238538e-05
2915,6.441858333548428e-05,0.00010550629667704925,5.653263738026402e-05,6.909702067496255e-05
2916,6.742828785111972e-05,4.096778611710761e-05,5.6978808522399045e-05,7.100055051851087e-05
2917,4.709323307098304e-05,0.00022502264531794935,5.7147683381562175e-05,7.461313536623493e-05
2918,6.20231623987719e-05,3.5513213224476206e-05,5.695529650175659e-05,7.423691648873501e-05
2919,4.2923837463604285e-05,4.13277636107523e-05,5.6746130335280514e-05,7.398364231048617e-05
2920,6.977462533137037e-05,3.428933829127345e-05,5.685420623906086e-05,7.367972442007157e-05
2921,4.608992361075555e-05,4.1946998826460914e-05,5.6203824176757024e-05,7.06883391860174e-05
2922,5.8211096107293594e-05,5.4305941448546944e-05,5.6117430035859175e-05,7.100865996617358e-05
2923,4.9228659271547155e-05,4.5941741263959556e-05,5.5673255181399225e-05,6.722445350314956e-05
2924,4.8603114895134546e-05,4.465535639610607e-05,5.5632975189655555e-05,6.682735286012757e-05
2925,6.4374581706943e-05,3.4653150869417005e-05,5.5786338113992104e-05,6.164746688737067e-05
2926,4.891204854680432e-05,8.132899281918071e-05,5.522133202224116e-05,6.200746726244688e-05
2927,6.0857999099728964e-05,3.846553037874401e-05,5.507483146648155e-05,6.971560972742737e-05
2928,6.665515108680766e-05,8.23993721860461e-05,5.585451968670693e-05,6.763235966791399e-05
2929,5.4384797242366606e-05,0.00014352655940456317,5.5261724829162834e-05,6.833596666983794e-05
2930,5.8368553759969975e-05,4.004110203823075e-05,5.627206683776522e-05,6.20750069647329e-05
2931,5.0845342015640606e-05,3.609608924307395e-05,5.5629333268249564e-05,6.21509110525949e-05
2932,5.4450157476821915e-05,3.912021071300842e-05,5.6554488320802605e-05,6.228152340045199e-05
2933,5.02824150074351e-05,8.84040686651133e-05,5.6212769589910757e-05,6.232922557683197e-05
2934,5.009618594259437e-05,5.0531837187008934e-05,5.619885288421453e-05,6.226852906111162e-05
2935,5.007273832032095e-05,3.505963366478682e-05,5.6152298598964186e-05,6.475466227566359e-05
2936,5.230153088632505e-05,3.609726409194991e-05,5.6126864388028884e-05,6.428471765539144e-05
2937,5.428791982315791e-05,3.6922743311151863e-05,5.636208812939003e-05,6.524609021143987e-05
2938,5.722216188991701e-05,5.05271883594105e-05,5.700427453007756e-05,6.61888495524181e-05
2939,4.7964680521141016e-05,0.000280239419080317,5.72629487125798e-05,6.433414531929884e-05
2940,8.391078884111873e-05,5.342504518921487e-05,5.6760336173788844e-05,6.431343549920712e-05
2941,5.260841641251722e-05,5.855796116520651e-05,5.632904557375393e-05,6.27355073898798e-05
2942,7.235178328604282e-05,6.849865269032307e-05,5.64910253377295e-05,6.337524223781657e-05
2943,4.595482316088035e-05,3.74108154210262e-05,5.719935963699957e-05,6.613960176182444e-05
2944,6.605271377743014e-05,4.4593072307179685e-05,5.747387292503845e-05,6.785213407711126e-05
2945,6.123165705907417e-05,3.5481892700772734e-05,5.7408814589143734e-05,6.765134520537685e-05
2946,4.5742005968349984e-05,4.0429585933452475e-05,5.7213254377549884e-05,6.601735523145179e-05
2947,5.7047238976034956e-05,0.00011645927181234583,5.7295760037151114e-05,6.596160392218734e-05
2948,4.859280399816473e-05,3.419312575715594e-05,5.74021111324934e-05,6.597073271695991e-05
2949,5.448370842916322e-05,6.868967029731721e-05,5.803557106426323e-05,6.595575132814702e-05
2950,8.042924172413122e-05,5.822213439387269e-05,5.7551295963639865e-05,6.601653417164926e-05
2951,5.5378903109360384e-05,3.496138699119911e-05,5.763346900526409e-05,6.547096302965657e-05
2952,4.829268562995518e-05,3.7947784876450895e-05,5.775178127692521e-05,5.571465839457234e-05
2953,5.587288608593452e-05,4.2951169452862816e-05,5.689369383213085e-05,5.796857695968357e-05
2954,5.8434291341755954e-05,0.00015951993060298264,5.707274948347024e-05,5.802352364116815e-05
2955,7.607691124172157e-05,0.00010915009013842791,5.6466140379294904e-05,5.678298026032281e-05
2956,5.770817421661276e-05,7.890939712524415e-05,5.714047008384821e-05,5.6798237975453966e-05
2957,5.2823699079453945e-05,3.410048891964834e-05,5.684920295073729e-05,5.743283058691305e-05
2958,4.539340971758874e-05,4.755431931698695e-05,5.6461521945150004e-05,5.743825384706725e-05
2959,5.21588274326253e-05,4.913805445539765e-05,5.6861879573585214e-05,5.7293256997945726e-05
2960,5.273151570387805e-05,3.528785353410058e-05,5.6760741389815756e-05,5.4261213759309625e-05
2961,6.813802918057062e-05,3.572272937162779e-05,5.678155948941519e-05,5.44831801467808e-05
2962,4.218104230757389e-05,3.844231439870782e-05,5.77567287250228e-05,5.312895526585635e-05
2963,5.927648793052261e-05,3.688790980959311e-05,5.647991225010224e-05,5.229229457618204e-05
2964,5.0922487312669145e-05,3.6331803203211164e-05,5.6175277854425886e-05,5.2337267153779984e-05
2965,6.245860272125962e-05,0.00010977300931699574,5.641842060641568e-05,5.301987413840835e-05
2966,5.708480769600202e-05,5.9931628202321006e-05,5.691804688071393e-05,5.338617850793526e-05
2967,5.718655568165963e-05,3.748506816918962e-05,5.6652277582422054e-05,4.859646730474196e-05
2968,6.281306577471292e-05,3.77922582993051e-05,5.5454793456495583e-05,4.5856026990804824e-05
2969,5.877103544965697e-05,6.045788759365678e-05,5.574860265785699e-05,4.571694947080687e-05
2970,5.1539631919392074e-05,3.5617474204627796e-05,5.596836256429218e-05,4.578353368851822e-05
2971,5.575094667923016e-05,3.680466470541432e-05,5.6714968301174756e-05,4.538983195670881e-05
2972,5.451878438179847e-05,4.065819084644318e-05,5.656258424051985e-05,4.543891536304728e-05
2973,4.9113256488150606e-05,3.9742285443935544e-05,5.640785397198569e-05,4.542315028083977e-05
2974,7.886293931935345e-05,3.4834048274205995e-05,5.5775063417644976e-05,4.5393664258881485e-05
2975,4.85088298511174e-05,3.730561715201475e-05,5.622545418898679e-05,4.603492614987773e-05
2976,4.776304321745152e-05,3.6085701431147754e-05,5.588205101763985e-05,4.5938761011348115e-05
2977,5.4371254429699746e-05,5.501295949216001e-05,5.627662377373781e-05,4.588829494314269e-05
2978,6.836354294339091e-05,5.2108778691035694e-05,5.550473751597262e-05,4.290116693300661e-05
2979,5.1790058884459236e-05,3.977715052315034e-05,5.4855329485144466e-05,4.329643532109913e-05
2980,4.613980809355983e-05,4.0639082289999354e-05,5.537452416578566e-05,4.3282756535336374e-05
2981,6.505340425064788e-05,7.543245912529528e-05,5.504416855854086e-05,4.3189466232433915e-05
2982,5.831769674033341e-05,3.5765094362432135e-05,5.456258981656801e-05,4.3622915406012903e-05
2983,6.405855313965326e-05,3.771177602175158e-05,5.4441233283270986e-05,4.361151109042112e-05
2984,4.834922591625299e-05,5.0365139613859356e-05,5.492792362120882e-05,4.390951377281454e-05
2985,4.886325899052382e-05,3.489372647891287e-05,5.47180190511022e-05,4.4076521790702825e-05
2986,5.2318265322052566e-05,3.49855788226705e-05,5.4537096146507093e-05,4.428433876018972e-05
2987,5.34408115911194e-05,5.447386167361401e-05,5.354605532031402e-05,4.439412212814204e-05
2988,5.069140864684919e-05,3.448378134635277e-05,5.3731599611152584e-05,4.785145025234669e-05
2989,6.07868062151182e-05,3.5070151498075574e-05,5.384846805601329e-05,4.866929107229226e-05
2990,4.3161446277129775e-05,3.509480906359386e-05,5.351400374557771e-05,4.812239974271507e-05
2991,4.0849606925298255e-05,6.981333790463395e-05,5.3210292842252076e-05,4.9120019035763116e-05
2992,7.016642269768959e-05,3.7143098525120876e-05,5.345152533231561e-05,4.8949443866149526e-05
2993,5.4554175593592746e-05,3.54600007267436e-05,5.374795351300336e-05,4.9097145060659395e-05
2994,4.6731566900335665e-05,7.129411693313159e-05,5.325625736052946e-05,5.295438779576216e-05
2995,4.85057185869664e-05,3.5332366314833054e-05,5.36919136919702e-05,5.308375877211802e-05
2996,6.791820512767622e-05,4.425473176524974e-05,5.3274492918151525e-05,5.315781953395345e-05
2997,4.927117012913287e-05,4.483339129365049e-05,5.343497925528532e-05,5.60765102680307e-05
2998,4.4590183873272814e-05,4.493770968110766e-05,5.364980597320633e-05,5.818708344304469e-05
2999,5.408691866452702e-05,3.7578632473014295e-05,5.384243420169998e-05,5.821878154238219e-05
3000,5.31474371220813e-05,0.00012373882025713102,5.3965699754189694e-05,5.788539674540515e-05
3001,5.068475433896917e-05,5.653172192978673e-05,5.3674161169652095e-05,6.039164284884464e-05
3002,4.6009646668810296e-05,4.134067625273019e-05,5.366092535938757e-05,6.121541718312072e-05
3003,6.0770770360250027e-05,7.704926101723686e-05,5.3832930078432486e-05,6.127595649450086e-05
3004,5.782087113604778e-05,3.551277128281072e-05,5.444054868971256e-05,6.115105008939281e-05
3005,5.355051261075358e-05,4.4331612152745946e-05,5.3950383194993874e-05,6.267092423222493e-05
3006,5.276100043880029e-05,0.0001718635275028646,5.410340836582085e-05,6.670499757165089e-05
3007,6.920910502635202e-05,3.899936877132859e-05,5.461721062084609e-05,6.533616759697906e-05
3008,5.362303379418639e-05,3.956329506763723e-05,5.4956095878798e-05,6.702846929256338e-05
3009,5.2361384344597654e-05,0.00012333240796579047,5.442911073462003e-05,6.667619790241587e-05
3010,5.42339269385492e-05,8.765805585426279e-05,5.4424943463850975e-05,6.747388526273426e-05
3011,5.7133971034393955e-05,3.577803130610846e-05,5.483185458482089e-05,6.74585980392294e-05
3012,5.65224504033621e-05,4.613924174918793e-05,5.4832584420283746e-05,6.731029651127756e-05
3013,4.340294403340926e-05,9.713993393233977e-05,5.505643040620877e-05,6.469220887520351e-05
3014,6.045591095850493e-05,5.5664509854977954e-05,5.557673478583132e-05,6.382759924745188e-05
3015,4.746156425325252e-05,3.6608291848097e-05,5.595074699020996e-05,6.49499258841388e-05
3016,5.6040072207300305e-05,6.669067777693272e-05,5.552296562851148e-05,6.332739997305907e-05
3017,5.791228532972228e-05,7.513995209592395e-05,5.616415603564948e-05,6.583550089853816e-05
3018,5.83798048642671e-05,0.00013631183421239257,5.6412953047159435e-05,6.554004559584428e-05
3019,5.957662327596659e-05,3.7073367566335945e-05,5.6485220474617864e-05,6.114869172160979e-05
3020,5.697785003576428e-05,7.763990870444105e-05,5.607971832570101e-05,6.106747362064198e-05
3021,5.474357652322699e-05,3.5447947011562066e-05,5.5984366772463534e-05,6.140212624741253e-05
3022,4.91669883599065e-05,6.477557530160993e-05,5.573084604564226e-05,5.8041103830328215e-05
3023,5.476296189752045e-05,4.455552909348626e-05,5.643666073867481e-05,5.710442590061576e-05
3024,5.410516455109852e-05,3.3871094274218194e-05,5.5892957672282736e-05,5.7083473014063216e-05
3025,5.8743586770207106e-05,5.828662935527973e-05,5.5699381689191785e-05,5.678869363036939e-05
3026,6.369236382953306e-05,3.4916481235995886e-05,5.579242497300987e-05,5.489046001748648e-05
3027,5.5359951778276204e-05,6.939884216990322e-05,5.589776246536833e-05,5.452181190776173e-05
3028,5.007623631778794e-05,3.6486113240243865e-05,5.5795805462467886e-05,5.4510605530231254e-05
3029,7.385063131449796e-05,9.821529441978782e-05,5.55551823451727e-05,5.3437211911659685e-05
3030,5.9770437898502376e-05,3.694522958539892e-05,5.507334165837771e-05,5.180860300315545e-05
3031,5.4567686125260985e-05,6.207968064700253e-05,5.474457919028485e-05,4.7700305376201865e-05
3032,5.907155130343098e-05,3.696891624713317e-05,5.4888840988860474e-05,4.7907442817813715e-05
3033,5.12392449632494e-05,4.792961073690094e-05,5.470256402849271e-05,4.6846404191455796e-05
3034,4.6023366174065614e-05,3.9306847538682634e-05,5.4590840205006925e-05,4.6809683414176106e-05
3035,7.187929426436313e-05,6.42411076114513e-05,5.468452938204994e-05,4.5689508458599445e-05
3036,4.354139437459202e-05,3.5254209142294715e-05,5.502004172659428e-05,4.530200949520803e-05
3037,5.168305082608842e-05,3.8769757156842386e-05,5.500526615910026e-05,4.625480419781525e-05
3038,4.572902612886133e-05,4.9684093610267155e-05,5.478823354577698e-05,4.6278778175474145e-05
3039,6.308934826746634e-05,4.644830711185932e-05,5.495715300947066e-05,4.891409632109571e-05
3040,4.4912639180741585e-05,3.6328132409835234e-05,5.551445232801295e-05,4.770164436777122e-05
3041,5.002449427492037e-05,3.985583731264342e-05,5.543332587403711e-05,4.787821970530786e-05
3042,4.58662681598475e-05,3.4424729383317756e-05,5.4446610580069123e-05,4.5402604163973594e-05
3043,5.0160743161945395e-05,3.3604393538553266e-05,5.428564254543745e-05,4.539501262770501e-05
3044,6.318316824035719e-05,4.2251803606632165e-05,5.419562470601199e-05,4.4243117238511335e-05
3045,5.232092602657051e-05,5.1113943045493214e-05,5.385617087692178e-05,4.521329443377909e-05
3046,5.195048093608218e-05,3.452992757956963e-05,5.384321674193618e-05,4.4707807258237155e-05
3047,5.150921778598179e-05,3.677120141219348e-05,5.407487799238879e-05,4.448848205502145e-05
3048,6.315077051112894e-05,3.486805500870105e-05,5.3140639979068915e-05,4.495307239121757e-05
3049,5.3735775363747965e-05,5.769096183939837e-05,5.463571066437806e-05,4.499064164992886e-05
3050,5.3317771437125176e-05,5.888597879675217e-05,5.4481590116888076e-05,4.485119534656404e-05
3051,6.79153504218751e-05,0.00010079943487653509,5.4585987688430277e-05,4.638087650237138e-05
3052,6.929243474183345e-05,3.9087543336790985e-05,5.4926420493090206e-05,4.602948024694341e-05
3053,4.804807496839203e-05,4.090049667865969e-05,5.527282883995212e-05,4.61416649079183e-05
3054,4.918274896529814e-05,3.632490588643122e-05,5.5565358698368074e-05,4.5955423446139314e-05
3055,5.5746237032710474e-05,3.6755441178684124e-05,5.573697291385745e-05,4.6710320236161344e-05
3056,5.2317240139624725e-05,3.328229591716081e-05,5.57621368737374e-05,4.7168752309517e-05
3057,5.0585205576175614e-05,6.122334612882695e-05,5.5416949266347933e-05,4.832521380740218e-05
3058,5.0915391588609455e-05,3.5292431348352694e-05,5.64776355863109e-05,4.772057310037781e-05
3059,5.1814897435380975e-05,3.382371745829005e-05,5.689480747840006e-05,4.8243505891878165e-05
3060,4.852334393136617e-05,7.585586601635441e-05,5.68143762602833e-05,4.8270199779653924e-05
3061,8.09181615073208e-05,3.619344061007723e-05,5.61990595920684e-05,4.8304942940012554e-05
3062,4.783003713883874e-05,3.528359957272187e-05,5.5966937031027754e-05,4.867499692190905e-05
3063,4.833896541741625e-05,8.792612250545062e-05,5.644774668520161e-05,4.876046642020811e-05
3064,7.160016838396486e-05,3.7663400726160034e-05,5.6490180297017404e-05,4.651518039754592e-05
3065,5.357284785228937e-05,3.913274893420748e-05,5.585544634797972e-05,4.6355818040319714e-05
3066,5.7337740735319026e-05,3.5199800768168645e-05,5.6381043797268324e-05,4.72006246302044e-05
3067,5.015662354708183e-05,5.329714913386852e-05,5.630226227723243e-05,4.8383777425624426e-05
3068,5.078984215894403e-05,4.506519537244458e-05,5.610924932197021e-05,5.050340766028967e-05
3069,5.455347805562067e-05,7.116334105376154e-05,5.6313174596774234e-05,5.0491776343551465e-05
3070,7.88380840256448e-05,3.599792536988389e-05,5.61187818243828e-05,5.325619608338456e-05
3071,6.237977823831089e-05,4.760324736707844e-05,5.639820985654498e-05,5.8105235546827316e-05
3072,4.949843733306301e-05,3.743854860658758e-05,5.655670205451315e-05,5.813244045421016e-05
3073,4.776785380575651e-05,3.57366340176668e-05,5.653971347783227e-05,5.6617022815044033e-05
3074,4.793271133773184e-05,6.694231138681062e-05,5.582471472864402e-05,5.661536132975016e-05
3075,6.533801279147155e-05,6.1022716254228724e-05,5.590888636296666e-05,5.673514325171709e-05
3076,6.897619071726998e-05,4.4667284309980457e-05,5.6270795978101284e-05,5.458960760734044e-05
3077,5.3424086015891386e-05,3.510348440613598e-05,5.570926793702205e-05,5.78359327162616e-05
3078,6.118801120060704e-05,6.202066142577679e-05,5.578863577878413e-05,5.860124546452425e-05
3079,4.7213210964400785e-05,6.590372577193193e-05,5.561794847178843e-05,6.261399347567932e-05
3080,5.092091315115492e-05,8.974619704531506e-05,5.54452859444104e-05,6.202335811685771e-05
3081,5.741537200972541e-05,3.2991512998705727e-05,5.554956108195863e-05,6.180066098750103e-05
3082,4.5725386266389656e-05,0.0001303338396246545,5.5402417472214434e-05,6.037135977821891e-05
3083,5.790109239266409e-05,0.00015651841793442144,5.411952009987242e-05,6.039410617668182e-05
3084,5.5777202384585204e-05,3.4503840142861006e-05,5.349734027274989e-05,5.992582821927499e-05
3085,4.8098629514343986e-05,3.79704250372015e-05,5.379630815878047e-05,5.980380447290372e-05
3086,6.304319277761452e-05,3.615190347773023e-05,5.43960929201502e-05,5.981882233172655e-05
3087,4.993432799690507e-05,3.8278147621895185e-05,5.465752334081724e-05,5.9076348762027926e-05
3088,5.738670579578158e-05,3.428773139603436e-05,5.431892388409729e-05,6.072630135458895e-05
3089,5.7561967356984196e-05,0.00011882152844918891,5.3340290125601726e-05,6.462467757810374e-05
3090,5.5557043896341284e-05,5.826556764077395e-05,5.3295377406822e-05,6.567689154471736e-05
3091,5.3070558060426265e-05,0.000135518501047045,5.276780247578346e-05,6.471933999855537e-05
3092,4.584006036263114e-05,3.85312651633285e-05,5.264862449888218e-05,6.379899235616904e-05
3093,5.339672059764982e-05,3.949776713852771e-05,5.280765920162796e-05,6.163066734152382e-05
3094,5.0874887812016017e-05,3.543081082170829e-05,5.3121394914665465e-05,6.292303001100664e-05
3095,4.676564971709417e-05,3.6566585331456734e-05,5.3925263011802194e-05,5.9889082636800596e-05
3096,4.682528256024751e-05,3.5896298431907783e-05,5.3807138426216414e-05,5.552134995523374e-05
3097,5.6972634483827276e-05,3.4387954947305844e-05,5.3878508266966995e-05,5.594393732317257e-05
3098,6.276247284000015e-05,3.611208048823755e-05,5.389579540690949e-05,6.213370306941215e-05
3099,5.4468471854407754e-05,4.838047214434482e-05,5.395507813777334e-05,6.22757882840233e-05
3100,5.687302637347279e-05,0.00010227153106825426,5.397734411769003e-05,6.214625344437081e-05
3101,4.451034675488093e-05,0.00014212668989785015,5.3513581018746144e-05,6.316442968964111e-05
3102,5.230126804639844e-05,6.140883357147686e-05,5.339817379216481e-05,6.0461539021343926e-05
3103,4.799863792464344e-05,3.808187277172692e-05,5.326040116051444e-05,5.9689445325057026e-05
3104,4.4233761541868765e-05,4.2895034712273625e-05,5.362192941748718e-05,5.590005840640516e-05
3105,5.489678071979951e-05,3.553807167918421e-05,5.3564515243407284e-05,5.6831537716789184e-05
3106,6.525876483566308e-05,6.530057973577641e-05,5.335692468102529e-05,5.686089045775589e-05
3107,6.582208869480787e-05,5.448515526950359e-05,5.349135051995592e-05,5.7005346458754515e-05
3108,5.4947977753019785e-05,4.7325100895250215e-05,5.3514392153819125e-05,5.703398505866063e-05
3109,5.756144840334956e-05,4.50685243413318e-05,5.403721074673941e-05,5.8677608863217765e-05
3110,4.853080801290667e-05,0.00019271456869319082,5.373092347597574e-05,5.8641864923993134e-05
3111,6.45252610492106e-05,3.9704033843008804e-05,5.3349956976631396e-05,5.88646191317821e-05
3112,5.049097749482219e-05,3.503977663058322e-05,5.348099622836647e-05,5.8823902541189465e-05
3113,4.5792628322184705e-05,5.9742137527791786e-05,5.316040537339481e-05,5.661015366204083e-05
3114,5.467678669245086e-05,5.124926174175926e-05,5.312522083436813e-05,5.607643979601562e-05
3115,5.211272810508187e-05,3.896322523360141e-05,5.364202599448618e-05,6.005316652008332e-05
3116,6.210876448474463e-05,4.078382808074821e-05,5.387181863867834e-05,6.210489479708486e-05
3117,4.440470601063377e-05,6.181824792292901e-05,5.411298161230258e-05,6.204973227577284e-05
3118,4.82069565381001e-05,4.023158566269558e-05,5.3714489171074504e-05,6.210210462741088e-05
3119,5.423553378528191e-05,3.9042210846673695e-05,5.3605214200635804e-05,6.34322505124146e-05
3120,4.734169056367439e-05,3.7282550329109655e-05,5.3426061319542996e-05,6.560270954214502e-05
3121,5.9895747383254475e-05,7.698689354583621e-05,5.3305812424029376e-05,6.514204966952093e-05
3122,4.931545271473523e-05,3.349435646669008e-05,5.306804281442762e-05,6.469291053363121e-05
3123,5.3238310356391595e-05,4.1680935682961715e-05,5.379336975666875e-05,5.832995810778812e-05
3124,5.774445314778455e-05,4.736255737952888e-05,5.31096176666324e-05,5.9205580363050105e-05
3125,4.885825499918105e-05,4.692780908953864e-05,5.322443883455384e-05,5.9561558929271994e-05
3126,4.3630733279213826e-05,0.00012878384324721992,5.323017717309994e-05,5.8778361423173926e-05
3127,6.522139704934995e-05,0.00016082700167316944,5.31401519687885e-05,5.909722580690869e-05
3128,5.3743454029447296e-05,8.937507969676517e-05,5.291558004860741e-05,6.005394937819802e-05
3129,5.026283588247477e-05,4.15159716794733e-05,5.2653684822305674e-05,6.01758138043806e-05
3130,4.493446968909767e-05,3.684738047013525e-05,5.3246696214288624e-05,5.925843963050284e-05
3131,6.252689057469575e-05,9.855422686086968e-05,5.324065204396094e-05,5.89754221669864e-05
3132,6.134326666748772e-05,0.00010874663101276383,5.3307846582902125e-05,5.881611819495448e-05
3133,5.194175536517934e-05,3.580860407964792e-05,5.355308714772238e-05,6.225004334701225e-05
3134,5.16172081633057e-05,3.384004594408907e-05,5.330741640468153e-05,6.144565510912799e-05
3135,6.666398156893492e-05,3.3640758047113196e-05,5.379141893047037e-05,6.178731921245345e-05
3136,4.743145879830182e-05,6.159459022455848e-05,5.3979423185713434e-05,6.225142684415915e-05
3137,5.33615066928582e-05,4.393924078613054e-05,5.349945079878023e-05,6.304793156450615e-05
3138,4.593608678583728e-05,4.0162199875339864e-05,5.374450482324593e-05,6.248935096664356e-05
3139,5.2426156584664976e-05,5.922087133512832e-05,5.361391359668535e-05,5.872670501994436e-05
3140,4.6498430100554185e-05,6.288131451583468e-05,5.3379175716610104e-05,5.3743666468653835e-05
3141,5.55613838272014e-05,4.383043873531278e-05,5.3805132148813245e-05,5.1524872754816906e-05
3142,5.922999081020761e-05,3.888389357598498e-05,5.3758857903044865e-05,5.22039501782274e-05
3143,4.8055852279907815e-05,3.315614907478448e-05,5.3970110625313184e-05,5.24401315371506e-05
3144,5.591539725881173e-05,3.505961154587567e-05,5.4123119880225406e-05,4.9961555216577844e-05
3145,5.3472704684180724e-05,0.0001231306791305542,5.378392639007264e-05,4.728742597217207e-05
3146,5.375397880723338e-05,5.6877187598729504e-05,5.3866983662980295e-05,4.771885382360779e-05
3147,6.141551585945611e-05,4.2035959049826486e-05,5.411389395044857e-05,4.789472194970586e-05
3148,5.793841673746809e-05,5.3283626475604253e-05,5.333118491657337e-05,4.926112802932039e-05
3149,4.5745143474454786e-05,6.727517538820393e-05,5.3227091689283645e-05,5.008341812063008e-05
3150,5.4984605610823365e-05,3.296329414297361e-05,5.381631797645241e-05,4.997894474072382e-05
3151,4.03659526151993e-05,3.471769457974006e-05,5.390109665200321e-05,4.977693730324972e-05
3152,5.9352950047468765e-05,3.6251037890906445e-05,5.3681112231182243e-05,5.051075290248263e-05
3153,6.439236483452583e-05,3.39052368508419e-05,5.4224972556565055e-05,5.046468422806356e-05
3154,4.9105979738265483e-05,5.849290726473555e-05,5.40922791212021e-05,5.5864860449219124e-05
3155,5.021578774580525e-05,4.2751914443215354e-05,5.402703724717462e-05,5.636359291092958e-05
3156,6.635212194750138e-05,3.658981884655077e-05,5.4162696638377377e-05,5.683491345844231e-05
3157,5.28634294136686e-05,4.189339990261942e-05,5.4211436127176657e-05,5.721068245766219e-05
3158,5.401818718787076e-05,4.659430036554113e-05,5.4009539315302375e-05,5.521596747857985e-05
3159,5.778996535001271e-05,3.8236749096540736e-05,5.4105789238464125e-05,5.510141172271688e-05
3160,4.7096255722054695e-05,6.780091003747656e-05,5.3547582113242226e-05,5.598564095271286e-05
3161,4.4829128116058805e-05,8.21518425073009e-05,5.3454386269085145e-05,5.568154882057571e-05
3162,6.809216387207723e-05,4.1327406288473865e-05,5.355796235752575e-05,5.719287045067177e-05
3163,4.805555367460733e-05,3.511201393848751e-05,5.354488779671049e-05,5.800236792420038e-05
3164,4.6926546064140795e-05,7.756626131595112e-05,5.384926463512884e-05,5.9514048558776276e-05
3165,6.009493823512457e-05,6.17295976553578e-05,5.354256603346179e-05,6.00201347260736e-05
3166,5.2244047943127546e-05,0.00017883484426420182,5.274294286322805e-05,6.18503109930316e-05
3167,5.759894395952061e-05,5.13522051187465e-05,5.2971311350605296e-05,6.0860576698905796e-05
3168,5.144733705997674e-05,4.493916276260279e-05,5.3545200309761436e-05,6.266272025823128e-05
3169,5.713388447879374e-05,4.445383652637247e-05,5.296793991211517e-05,6.284797958505805e-05
3170,4.84252843873239e-05,7.326280465349554e-05,5.325326998378538e-05,6.34106094337767e-05
3171,5.6160226886277084e-05,5.401329370215535e-05,5.297574412042094e-05,6.299662753299344e-05
3172,4.74603377289087e-05,6.414168979972601e-05,5.291353249776875e-05,6.279766163497698e-05
3173,5.560852063354105e-05,4.5681323172175325e-05,5.30316762855768e-05,6.253430110227782e-05
3174,4.8334545685469896e-05,0.0001050582161406055,5.2888989163329824e-05,6.06009455077583e-05
3175,5.465774159044183e-05,5.3200730981188827e-05,5.251836966328685e-05,6.0294915392296396e-05
3176,4.797537357565792e-05,7.250971044413746e-05,5.2610915071434445e-05,6.042918029124849e-05
3177,5.1685485005792646e-05,4.89031920733396e-05,5.2656758077015785e-05,5.913011354859919e-05
3178,4.4401785578682194e-05,7.965964352479204e-05,5.203377695611885e-05,5.8049078591284345e-05
3179,5.4815191922696414e-05,3.3749549911590295e-05,5.2578773539345205e-05,5.346650075225626e-05
3180,6.456301172470881e-05,8.780550342635252e-05,5.2778729769892785e-05,5.2702100251917734e-05
3181,5.192061200634473e-05,4.12213020172203e-05,5.272235461905237e-05,5.228975756035653e-05
3182,5.999668120542386e-05,5.5959146120585504e-05,5.243402105455364e-05,5.2315391282900235e-05
3183,4.70800406037597e-05,3.624475284595974e-05,5.255384286752411e-05,5.1428416543058126e-05
3184,5.6234674783708115e-05,3.326260164612904e-05,5.225029083586479e-05,5.185544516134542e-05
3185,5.004985041725579e-05,6.121689671999775e-05,5.230094137320217e-05,5.2313243385287935e-05
3186,4.126195005988443e-05,3.381795264431275e-05,5.239106258749316e-05,5.214776861830614e-05
3187,5.882667637100288e-05,3.367665340192616e-05,5.238169209316968e-05,5.0189415866043415e-05
3188,5.036918887829718e-05,3.8468636412289924e-05,5.2030113911314404e-05,5.167125748994294e-05
3189,4.807262120367442e-05,4.508959274971858e-05,5.234805061368712e-05,5.008924893918447e-05
3190,4.452041021270108e-05,3.4703723722486755e-05,5.19787951746063e-05,4.94781196815893e-05
3191,6.586896252378614e-05,6.427039828849956e-05,5.203059270877727e-05,4.9289747956208886e-05
3192,6.259784972321036e-05,3.224219261028338e-05,5.237542826653225e-05,4.986344469361939e-05
3193,5.003795828896626e-05,3.463059547357261e-05,5.187326513292243e-05,4.771230786282104e-05
3194,4.992554536632573e-05,4.509467958996538e-05,5.188310542451088e-05,4.791994937113487e-05
3195,5.1420829711585406e-05,5.108843615744263e-05,5.2120982216082566e-05,4.867636120761745e-05
3196,4.8571426094794234e-05,6.468900915933773e-05,5.293590182280039e-05,4.8506101648672484e-05
3197,4.872660116234329e-05,7.558664539828896e-05,5.325860766089236e-05,4.859215957403649e-05
3198,5.786155099081548e-05,4.154445399763063e-05,5.318172230391712e-05,4.757988804485649e-05
3199,4.810028332738309e-05,5.609939733403735e-05,5.358160947540051e-05,5.023649078211747e-05
3200,4.5868287044059896e-05,9.0246771578677e-05,5.3145160174527627e-05,5.038552813639399e-05
3201,5.592379113497575e-05,3.295949667517562e-05,5.351601601966347e-05,5.0333330058492724e-05
3202,4.245409902877226e-05,3.3624960633460435e-05,5.379120685263641e-05,5.4143396520521495e-05
3203,4.5696723932956554e-05,7.495035039028153e-05,5.3967731482569225e-05,5.418052569439169e-05
3204,6.343608086657089e-05,4.809196834685281e-05,5.293594920496817e-05,5.310000281024258e-05
3205,5.200893338446298e-05,3.402708265639376e-05,5.2447941281975034e-05,5.354290553950704e-05
3206,5.216661929605632e-05,4.641233972506598e-05,5.242932584983969e-05,5.3979074890958146e-05
3207,6.594360099471588e-05,7.486944203265011e-05,5.2548199880402525e-05,5.4106891740229916e-05
3208,6.745303077170522e-05,3.198826387233566e-05,5.269981740663449e-05,5.346799225953874e-05
3209,6.430232073600767e-05,3.541404978022911e-05,5.309402892210831e-05,5.257221240899526e-05
3210,4.8127716492874446e-05,3.591010849049781e-05,5.331735394041363e-05,5.167565518058838e-05
3211,5.125912934696923e-05,0.00010023302107583731,5.3533019293940405e-05,5.140673563000747e-05
3212,4.791544384918072e-05,3.740258725883905e-05,5.4295588791460935e-05,5.495947613380851e-05
3213,5.964058500669327e-05,3.7163684464758265e-05,5.449233346282401e-05,5.270038607413882e-05
3214,5.4952392027997926e-05,0.00014034125430043788,5.44756460993085e-05,5.327960688446183e-05
3215,4.8933525961021786e-05,3.5631953069241716e-05,5.49994952126225e-05,5.506303352594842e-05
3216,4.007440558375998e-05,3.7257326184771954e-05,5.487757582191585e-05,5.3418558675912216e-05
3217,5.0397651648381725e-05,4.33147608418949e-05,5.4546045077667154e-05,5.284891945193522e-05
3218,4.957257248558259e-05,4.553482925985009e-05,5.439597060677544e-05,5.484417357074563e-05
3219,5.289739613039678e-05,4.829010082175955e-05,5.46141709414466e-05,5.5795524487621164e-05
3220,5.521126786738427e-05,3.511594914016314e-05,5.4176251289188965e-05,5.488653530774173e-05
3221,5.84267139816398e-05,4.229451289575081e-05,5.4250923538024326e-05,5.512279040412978e-05
3222,5.4309726619976574e-05,5.317271468811668e-05,5.428738786916559e-05,5.76401216618251e-05
3223,6.325318482898487e-05,3.482146523310803e-05,5.422633276223981e-05,6.124098805303219e-05
3224,6.716452076539604e-05,0.00014491790992906316,5.4363267267924834e-05,6.115030723449308e-05
3225,5.078690382813673e-05,3.376952008693479e-05,5.5533819655021134e-05,6.237673779251054e-05
3226,5.5506607047088134e-05,4.7440016933251174e-05,5.614230499163064e-05,6.421561280731112e-05
3227,5.555032686162222e-05,7.821062667062506e-05,5.569760721765407e-05,6.0314331192057576e-05
3228,4.2648739165290155e-05,3.383847913937643e-05,5.575802974474048e-05,6.261328238761052e-05
3229,5.514781226035363e-05,3.385098774742801e-05,5.6384159199337274e-05,6.270956533844581e-05
3230,4.8257071612169966e-05,8.390843562665395e-05,5.6453759307300476e-05,6.236572079942562e-05
3231,5.762162766283533e-05,7.019611264695413e-05,5.700351503813485e-05,6.332322586677036e-05
3232,5.499560968827508e-05,5.214471253566444e-05,5.661450960259472e-05,6.374011941952629e-05
3233,6.931983699258934e-05,3.78946412820369e-05,5.6413617026151374e-05,6.420428795972838e-05
3234,6.521392901453914e-05,9.83473312226124e-05,5.5913178416408815e-05,6.684860397654119e-05
3235,4.660133881972999e-05,0.0001259317682706751,5.6272570686350165e-05,6.929329229460564e-05
3236,5.4682491989094866e-05,9.796600061235949e-05,5.661897246544768e-05,6.936982935294509e-05
3237,7.717925352658818e-05,6.806335120927542e-05,5.6256203195597567e-05,6.48951374052558e-05
3238,7.485271842193065e-05,8.313555983477272e-05,5.632253642510882e-05,6.49134559527738e-05
3239,4.383494767858388e-05,4.280921391909942e-05,5.6599768908280476e-05,6.563575236068573e-05
3240,5.044408913818188e-05,9.310573295806535e-05,5.607641191648631e-05,6.406873285013717e-05
3241,5.572764194867987e-05,3.966439995565452e-05,5.642732242186969e-05,6.442238736199215e-05
3242,5.213765434746165e-05,3.471864736638963e-05,5.605030258205565e-05,6.463750314724166e-05
3243,6.331646575644199e-05,6.947245594346896e-05,5.6035725732605604e-05,6.471785101748539e-05
3244,4.317226024189343e-05,5.8712439640657975e-05,5.5378854904039254e-05,6.330894449492916e-05
3245,5.018895345630072e-05,4.672016264521517e-05,5.549452429210457e-05,6.72260383144021e-05
3246,4.5915748738075816e-05,0.00010840241331607104,5.492868036251619e-05,6.73886909004068e-05
3247,6.32945333685105e-05,0.00011428992263972759,5.416063756306863e-05,6.588303163589443e-05
3248,7.191322930642248e-05,3.673489169159439e-05,5.4347139232171074e-05,6.26225068612257e-05
3249,5.8095289019143415e-05,3.305061123683117e-05,5.444978596028199e-05,6.000002034415956e-05
3250,5.244523456591802e-05,3.42274837748846e-05,5.325641464862403e-05,5.868055943283252e-05
3251,6.243741912637941e-05,6.549742713104933e-05,5.2012242619336266e-05,5.8382081956369796e-05
3252,4.2466402066768046e-05,3.903513890691101e-05,5.304289744785314e-05,5.9658302064053705e-05
3253,5.142150179987463e-05,4.2679841935751025e-05,5.364937569926647e-05,5.7629105576779686e-05
3254,4.572231626500272e-05,3.922888237866573e-05,5.3504392324895086e-05,6.2111804127926e-05
3255,4.78926503759188e-05,8.591713238274678e-05,5.347471092277879e-05,6.210872702358755e-05
3256,4.119985694867662e-05,3.497344958304893e-05,5.287158959189481e-05,6.235622198146302e-05
3257,5.788734438990812e-05,0.00015007205802248792,5.330003555152668e-05,6.137513009889516e-05
3258,5.517373875287982e-05,4.196095593215432e-05,5.317375237937085e-05,6.08945920568658e-05
3259,4.601285902835015e-05,6.070584960980341e-05,5.372642924420588e-05,6.041123548930045e-05
3260,5.126388054729129e-05,4.441864890395664e-05,5.3342028438217105e-05,6.0055159448529596e-05
3261,5.7248660191867704e-05,3.2403837685706094e-05,5.266463690592597e-05,6.0958343773381786e-05
3262,4.734497073513922e-05,3.507682842609938e-05,5.220612164056445e-05,6.133445693412795e-05
3263,4.374841768973662e-05,7.567362292320467e-05,5.1757925072969445e-05,6.241773945221212e-05
3264,6.960131839150562e-05,7.471471661119722e-05,5.136474058963358e-05,6.168072514701635e-05
3265,6.560604542351535e-05,4.237582077621482e-05,5.226955656382618e-05,6.21605392661877e-05
3266,5.210305758939487e-05,0.00015173186373431235,5.27522565037038e-05,6.440019518777264e-05
3267,5.139561929455441e-05,3.464171975792851e-05,5.32893418234178e-05,6.416820018785074e-05
3268,4.823843248434261e-05,7.565982989035547e-05,5.314465584233403e-05,6.85138605069369e-05
3269,5.388340923269021e-05,3.4185142576461656e-05,5.390932818861782e-05,6.861911886080633e-05
3270,4.703187415240488e-05,3.470671159448102e-05,5.3519253685307265e-05,6.424904212180989e-05
3271,5.973267035895131e-05,9.631849912693725e-05,5.327706374454364e-05,6.581860279547982e-05
3272,5.368451321879143e-05,0.00010538802162045613,5.357021964510851e-05,6.622566677979194e-05
3273,5.497844099914396e-05,5.931449981289916e-05,5.416138769004546e-05,6.598659127776047e-05
3274,4.663240738510568e-05,4.245344025548548e-05,5.395618972413811e-05,6.671031331643464e-05
3275,4.12403203760429e-05,6.130954672698862e-05,5.414074924774468e-05,6.668462024827024e-05
3276,5.260780704298263e-05,4.7072069501155054e-05,5.452114518912922e-05,6.51735490129795e-05
3277,6.50868014215828e-05,5.10304918861948e-05,5.389350067449009e-05,6.372213970171288e-05
3278,6.34890002968152e-05,9.86712399753742e-05,5.3327429840444684e-05,6.350338705815375e-05
3279,5.914944925785271e-05,3.3429007380618714e-05,5.3295619003216005e-05,5.907029243535363e-05
3280,4.427550084882467e-05,0.0001945586403599009,5.366124593436123e-05,5.906086366449017e-05
3281,6.0316665605771254e-05,3.76049084297847e-05,5.367917558453174e-05,5.851629833632615e-05
3282,4.813548180714457e-05,4.0820139547577126e-05,5.3436975486531275e-05,5.907877557619941e-05
3283,4.911899023378889e-05,8.119997277390211e-05,5.395196994084268e-05,5.9007901389850306e-05
3284,5.334175654247196e-05,7.088244921760634e-05,5.3538664233929e-05,5.6424086473998617e-05
3285,6.604308167071495e-05,3.844176135316957e-05,5.310021558236459e-05,5.3932502298266624e-05
3286,5.2118711044184033e-05,5.04968886525603e-05,5.3147560034509894e-05,5.329105456767138e-05
3287,5.195895882530345e-05,3.443450172198936e-05,5.315138552541611e-05,5.513717367721255e-05
3288,5.3258316224350386e-05,3.789684204093646e-05,5.379005140615238e-05,5.504999835102352e-05
3289,5.391020552552719e-05,3.842948382953182e-05,5.3890738264534664e-05,5.565646127215586e-05
3290,5.14542745723803e-05,3.690700468723662e-05,5.3438799808403316e-05,5.523215685389005e-05
3291,5.130778665867789e-05,4.090449816430919e-05,5.275578134605894e-05,5.325474362180102e-05
3292,6.053629257318486e-05,3.440600048634224e-05,5.196584429860297e-05,5.321125597984064e-05
3293,4.868667373860565e-05,6.204569668625481e-05,5.2478291281699466e-05,5.0238387580611745e-05
3294,4.7828406782678536e-05,4.824707357329316e-05,5.240116647894158e-05,5.0016241858247666e-05
3295,5.990673551019023e-05,3.2934856935753484e-05,5.2322672068678214e-05,4.9670291793881914e-05
3296,4.9400027686109144e-05,3.172312623064499e-05,5.219736345704102e-05,4.797368401486892e-05
3297,4.272329692968116e-05,4.309841722715646e-05,5.2258778630413075e-05,4.66201583010843e-05
3298,5.6162052302776526e-05,4.327830654801801e-05,5.178290890875765e-05,4.729397810879163e-05
3299,4.672804465776103e-05,8.860641799401491e-05,5.149224069755292e-05,4.66497189423535e-05
3300,5.720696739444975e-05,5.913016357226297e-05,5.134511378047238e-05,4.666675897315145e-05
3301,5.512497850253971e-05,6.223364252946339e-05,5.134691782732262e-05,4.659869393799454e-05
3302,5.378834001829899e-05,4.04228814295493e-05,5.134165464211644e-05,4.687428596953396e-05
3303,4.6413538738205615e-05,4.9235909173148685e-05,5.110977546088786e-05,4.705455661460292e-05
3304,3.940102307145329e-05,3.234181633160915e-05,5.08983416351839e-05,4.679447488160805e-05
3305,5.708667542623718e-05,0.00012023693037917838,5.0548210998305075e-05,4.685218961094507e-05
3306,5.8388545536824195e-05,3.2051265370682814e-05,5.092142341972148e-05,4.867001571692527e-05
3307,4.6173121550560205e-05,3.2171387938433324e-05,5.0674738037923815e-05,4.866808517544997e-05
3308,4.598627494285918e-05,3.878477829857729e-05,5.025408557153747e-05,4.9804102350026376e-05
3309,5.4877135876773134e-05,3.704430637299083e-05,5.001806153757368e-05,4.990024286380504e-05
3310,5.414633862932937e-05,5.528725654585287e-05,5.039077899467278e-05,5.009628692641855e-05
3311,4.485200576406593e-05,3.4390409491606986e-05,5.042812963090709e-05,5.199350524926559e-05
3312,4.828078589828995e-05,3.4860502491937954e-05,5.022525395147063e-05,5.627256970619784e-05
3313,5.3303417395606326e-05,3.619521616201382e-05,5.0331066886590426e-05,6.413913846481592e-05
3314,5.377862589537269e-05,4.531928461801726e-05,5.0713363804809175e-05,6.327173298341223e-05
3315,4.565729504166585e-05,4.1413770813960584e-05,5.1186374493247245e-05,6.416271632770077e-05
3316,4.602194101607893e-05,3.4402454839437266e-05,5.1564236994050174e-05,6.448696805455257e-05
3317,5.1783026651214136e-05,3.584886871976778e-05,5.2265683247403806e-05,6.487200248520822e-05
3318,5.801698427401586e-05,0.00010749134933575988,5.2022191816003115e-05,6.305215812753886e-05
3319,4.166127223773704e-05,4.8198810036410576e-05,5.17908678466079e-05,6.307030687457883e-05
3320,4.939042385053148e-05,6.133528630016372e-05,5.2015400162296524e-05,6.311786719306838e-05
3321,4.349942683701455e-05,3.4126639075111595e-05,5.2522360282374494e-05,6.305927825451364e-05
3322,5.204123335715849e-05,4.79995187924942e-05,5.206159617211799e-05,6.545242496940774e-05
3323,5.7095818208634026e-05,9.070876461919397e-05,5.213516480176218e-05,6.591731568041723e-05
3324,4.165615267184977e-05,0.00019558302941732108,5.287519747976653e-05,6.637410274415742e-05
3325,5.985229077244488e-05,0.00025579438253771515,5.345631786250225e-05,6.695052143477368e-05
3326,6.468240145800843e-05,4.054850549437106e-05,5.3107050642494055e-05,6.681034901121165e-05
3327,6.5613607229251e-05,6.269746503676288e-05,5.2860061339419586e-05,6.635356846090872e-05
3328,5.586010125827872e-05,5.734220234444365e-05,5.3157050620292354e-05,6.615039206226356e-05
3329,5.6937179405293946e-05,4.196767709800042e-05,5.3226511789479335e-05,6.603786511986982e-05
3330,5.099938964121975e-05,7.474082143744453e-05,5.30497972607716e-05,6.642388795444276e-05
3331,5.260544630194393e-05,3.2504984046681786e-05,5.244293663838308e-05,6.369129772065208e-05
3332,5.178642944277575e-05,3.3360395900672304e-05,5.319366897585697e-05,6.311614263395313e-05
3333,5.8660277944808415e-05,3.732005483470857e-05,5.363920865767997e-05,6.647649737133177e-05
3334,4.335803312036053e-05,9.687297424534335e-05,5.446430570704655e-05,6.679690866440068e-05
3335,5.598555437043413e-05,6.690952432109043e-05,5.418146641426978e-05,6.761333756730892e-05
3336,6.33528227141748e-05,4.5810086085111834e-05,5.4316601198903906e-05,6.763868354028091e-05
3337,6.280879546668277e-05,4.927096975734457e-05,5.4979866512844133e-05,6.189470407553016e-05
3338,4.457173689540165e-05,3.2690905572962944e-05,5.490450147998572e-05,5.465245998930187e-05
3339,4.7603893318511027e-05,3.3899770860443825e-05,5.4119336038194085e-05,5.478347343741917e-05
3340,5.308202706348513e-05,3.6334360847831706e-05,5.439451978082717e-05,5.5585610884008937e-05
3341,4.7758470245753414e-05,3.1589281279593705e-05,5.4606698061009725e-05,5.495939721586184e-05
3342,4.736516343352074e-05,4.549943958409131e-05,5.406683589438521e-05,5.5145339883165444e-05
3343,4.2845468714302926e-05,3.917659349099267e-05,5.408232747140574e-05,5.347321035224014e-05
3344,6.042958067458434e-05,3.381993286893703e-05,5.421298180412528e-05,5.419717715412845e-05
3345,6.0528915896106306e-05,0.00014534415473463013,5.4064111494194054e-05,5.439444204675966e-05
3346,6.412685307117903e-05,4.2136921401834115e-05,5.367997028887557e-05,5.514982322929427e-05
3347,4.497025103773922e-05,6.841024136519991e-05,5.3873197235871994e-05,5.46239759598393e-05
3348,6.047418782448707e-05,9.134241394349373e-05,5.4404796137209316e-05,5.398351015755907e-05
3349,5.8237785520355425e-05,5.198354279855266e-05,5.365135142718727e-05,5.490112094848883e-05
3350,5.796816495098432e-05,7.473828038200735e-05,5.3174656430524517e-05,5.468693548464216e-05
3351,4.505326541321766e-05,4.382384169730358e-05,5.31326960489322e-05,5.5460430282983e-05
3352,7.249320079507824e-05,8.275090120150707e-05,5.304241105639247e-05,5.5451288077165375e-05
3353,6.116455826284234e-05,4.16868606407661e-05,5.3349123527651595e-05,5.5368576315231624e-05
3354,4.344062523968104e-05,4.661624378059059e-05,5.376549712624789e-05,6.004650695249438e-05
3355,5.138667906673315e-05,3.2937583164311945e-05,5.457491084347971e-05,6.128953431616537e-05
3356,5.587180461993234e-05,5.060415409388952e-05,5.517467506142567e-05,6.103533591667656e-05
3357,4.8064671694495095e-05,3.829201821645256e-05,5.4674176220659225e-05,6.119463385548443e-05
3358,4.9056747811846436e-05,5.6204584398074074e-05,5.4143103832191434e-05,5.673762703372632e-05
3359,4.8188706795271074e-05,8.372679250896909e-05,5.349920796498839e-05,5.6717780060716914e-05
3360,6.927552690386721e-05,5.089787926408462e-05,5.341900715316621e-05,5.533894246036653e-05
3361,4.451670496362365e-05,6.875035585835577e-05,5.348318214091706e-05,5.301780144800433e-05
3362,5.089142055011406e-05,4.3916333161178046e-05,5.3359458151680895e-05,5.232688186515589e-05
3363,4.352272735559381e-05,5.2028275531483816e-05,5.340248148665221e-05,5.084874728054275e-05
3364,4.534676850501758e-05,3.36712157150032e-05,5.384432411859356e-05,5.0473210058407866e-05
3365,6.0749838844963554e-05,3.426656679948792e-05,5.286828867505796e-05,5.028827039641329e-05
3366,5.816781021066062e-05,0.00014853754721116274,5.258416363762485e-05,5.0078536383807674e-05
3367,6.760050636431616e-05,7.657512367586605e-05,5.271319275780116e-05,4.947473173961044e-05
3368,5.7839574162951775e-05,3.282163350377232e-05,5.2554762489227063e-05,4.991746158048045e-05
3369,4.7917109655423294e-05,3.780238133913372e-05,5.2586131977538274e-05,5.0168541338643994e-05
3370,4.7252106184411484e-05,3.3918984190677296e-05,5.3321439921597225e-05,5.000419116695412e-05
3371,4.8029456391102736e-05,4.164074707659893e-05,5.31161451398576e-05,4.931137544917874e-05
3372,4.296523074218486e-05,3.393930135644041e-05,5.319116543040663e-05,4.736516900011339e-05
3373,6.207856251825837e-05,3.331388863443863e-05,5.25318986374057e-05,4.687015470117331e-05
3374,5.514468578945121e-05,3.4710553227341736e-05,5.253387492169471e-05,4.640066446736455e-05
3375,5.904374832526729e-05,3.778491576667875e-05,5.3008686338499595e-05,4.6039583042147566e-05
3376,5.609933121175143e-05,3.443541114393156e-05,5.299666778333226e-05,4.7079326157108883e-05
3377,4.8092314706688436e-05,7.812740965164266e-05,5.351499044627415e-05,4.8979046678869056e-05
3378,5.4061432327014496e-05,3.644351032562554e-05,5.311399481886634e-05,5.140624882769771e-05
3379,4.6666353244088694e-05,3.152112767565995e-05,5.253196966336366e-05,4.6837209124350926e-05
3380,4.742592235238084e-05,4.400582918606233e-05,5.145986185105154e-05,4.5400919331586924e-05
3381,5.665604182771252e-05,5.688114804797806e-05,5.120136234779945e-05,4.53563497227151e-05
3382,6.644737029596904e-05,3.418326392420567e-05,5.161214803002722e-05,4.5406842281227e-05
3383,4.392437826835602e-05,3.888419145368971e-05,5.2141102597104485e-05,4.572864074434619e-05
3384,5.006421405899649e-05,3.5071631282335146e-05,5.222922288553996e-05,4.5950672516482884e-05
3385,5.279385707884406e-05,3.852252179058269e-05,5.204916682462984e-05,4.5902025068062354e-05
3386,4.456611207084886e-05,5.701310001313686e-05,5.127733447071578e-05,4.616294314619154e-05
3387,6.276170597023642e-05,3.488929753075354e-05,5.124719295514902e-05,4.610233975399751e-05
3388,4.322226347641036e-05,7.80218534055166e-05,5.121845787378131e-05,4.601518041454255e-05
3389,5.83048350785652e-05,8.116422875900753e-05,5.090801085752901e-05,4.773016077524516e-05
3390,5.0724948159768246e-05,9.49466205202043e-05,5.1426060988968763e-05,4.6772991688339966e-05
3391,4.361718132309357e-05,3.4311554627493025e-05,5.159509594700972e-05,4.984158037404994e-05
3392,4.079781105651313e-05,4.066787885676604e-05,5.2154417683939555e-05,4.9910043686395506e-05
3393,5.137708658164936e-05,3.1707393281976694e-05,5.242535712507864e-05,4.958827055816073e-05
3394,5.818675171111762e-05,3.906469530193135e-05,5.168231260839901e-05,4.9665461530094036e-05
3395,6.047597036134297e-05,4.196394576865714e-05,5.1260155858795366e-05,4.980806509847752e-05
3396,5.023246360198957e-05,4.719154138001613e-05,5.100259660749645e-05,4.967476139427162e-05
3397,3.846382921943182e-05,3.2723115145927296e-05,5.063134239672865e-05,4.9764909094665195e-05
3398,4.2782753670407046e-05,3.983684058766812e-05,5.133138626422604e-05,4.947600091109052e-05
3399,5.43911479002822e-05,3.3195468422491106e-05,5.150286207386266e-05,4.943685948965139e-05
3400,5.8325371291074486e-05,3.5605932280304844e-05,5.1102972674966124e-05,5.218329280614853e-05
3401,4.8338155805443725e-05,7.730992016149684e-05,5.184035744281977e-05,5.035053566098213e-05
3402,6.104356799268215e-05,5.419818247901276e-05,5.1321181565840066e-05,4.851213169458788e-05
3403,5.828730627803856e-05,0.00011315822746837511,5.117499947939198e-05,4.601311411242931e-05
3404,6.064939666733456e-05,3.323271048429888e-05,5.1129776445385584e-05,4.810861841542645e-05
3405,5.419940838085798e-05,3.596150098019279e-05,5.131290149357583e-05,4.7970695147523653e-05
3406,3.807992891072192e-05,5.881092234631069e-05,5.212639707832649e-05,5.595984080282505e-05
3407,5.589345155587782e-05,3.774835313379299e-05,5.2206461728848e-05,5.9555106956395314e-05
3408,3.7485396985882994e-05,3.55515988485422e-05,5.185918888762697e-05,6.081245102686807e-05
3409,4.078285878980144e-05,3.732532379217446e-05,5.157073952464593e-05,6.068918695091269e-05
3410,7.029495376627893e-05,3.1299817201215775e-05,5.150261290222665e-05,6.064298350247554e-05
3411,4.8853007311764585e-05,5.603456447715871e-05,5.1531308165997154e-05,6.250654400209896e-05
3412,5.276447099782268e-05,0.00010355013044318185,5.1453264797843676e-05,6.279496021743398e-05
3413,6.165688267275174e-05,3.220292477635667e-05,5.1556172450849166e-05,6.290091267437675e-05
3414,4.532543815407229e-05,3.5204129599151205e-05,5.1744303572599565e-05,6.14121170132421e-05
3415,4.70703959985662e-05,3.247118096624035e-05,5.1288384881788964e-05,6.18667245551478e-05
3416,4.248660547293386e-05,8.669916220242157e-05,5.1359978883798856e-05,5.905144057178403e-05
3417,4.537593726126943e-05,3.7219797159195876e-05,5.079483992400734e-05,6.102311136201024e-05
3418,7.171447620041565e-05,0.00023143603466451167,5.104392591391742e-05,6.091200363880489e-05
3419,6.018836797415538e-05,0.00012894634914118797,5.135936758047643e-05,6.017292550241109e-05
3420,5.179414933081716e-05,7.3397547530476e-05,5.1342532138288435e-05,6.252651723334566e-05
3421,4.302122952746383e-05,4.410993948113173e-05,5.176310192651323e-05,6.37020752299577e-05
3422,3.676066365894965e-05,3.156802893499844e-05,5.212335152593571e-05,6.398176205984783e-05
3423,4.3500135264669854e-05,8.642585307825357e-05,5.119950291134753e-05,6.449418477423024e-05
3424,5.244006369644517e-05,4.0405873805866575e-05,5.172135229529684e-05,6.3681971366168e-05
3425,6.089806261621157e-05,3.825474370387383e-05,5.1268609973582594e-05,6.090845441503917e-05
3426,5.304143384920381e-05,4.0090028633130715e-05,5.060850987065351e-05,6.183561812795233e-05
3427,4.964560072241713e-05,6.556337102665566e-05,5.041539344221948e-05,6.195368978660554e-05
3428,6.007715632828573e-05,4.277612788428087e-05,5.0236839183263425e-05,6.470748826104683e-05
3429,4.652092267254678e-05,8.252448023995384e-05,5.052827280726181e-05,6.253654598549474e-05
3430,6.042655812860984e-05,3.318380790005904e-05,5.085899536142177e-05,6.436614408157766e-05
3431,4.596597057469707e-05,4.0333968936465684e-05,4.962714206226843e-05,5.657937902142294e-05
3432,5.54725655011781e-05,9.658814640715718e-05,4.904050983734325e-05,5.361301278462634e-05
3433,4.79996416915027e-05,6.494054876384326e-05,4.9386641721098885e-05,5.471572203096003e-05
3434,4.9789098775363526e-05,4.431749453942757e-05,4.960353432785874e-05,6.017910609953106e-05
3435,4.71987384015746e-05,4.4110385060776026e-05,5.108112775390812e-05,6.29463271878194e-05
3436,6.189924191049714e-05,3.5729229275602847e-05,5.112468638302138e-05,6.115501331223641e-05
3437,4.1445912954966644e-05,3.421220666496083e-05,5.1049650903183246e-05,6.302834030939267e-05
3438,4.5154380099524536e-05,5.538201759918593e-05,5.0522438470054314e-05,6.294720720034094e-05
3439,4.049752744322177e-05,3.815592106548138e-05,5.045129396571105e-05,6.287869176594542e-05
3440,4.260653952466479e-05,0.00010131614282727242,5.0295969803119076e-05,6.164476679696236e-05
3441,4.977244607289322e-05,3.24256053136196e-05,5.000208092517116e-05,6.125148272840307e-05
3442,5.3644001115268715e-05,8.295974956126884e-05,5.036680978308949e-05,5.9184693710994906e-05
3443,4.0918143721581955e-05,3.676690816064365e-05,4.991479632282992e-05,5.937822195119225e-05
3444,4.552256235102605e-05,5.47871932212729e-05,4.9814039497869095e-05,6.101975451456383e-05
3445,6.044744642470808e-05,0.00010096527868881822,4.9328667198521244e-05,5.847995683143381e-05
3446,4.844354469646027e-05,0.00018069454119540751,4.99605243946361e-05,5.7997538949712184e-05
3447,7.370049931018406e-05,0.00010074855614220723,5.035754260655571e-05,5.749451193551067e-05
3448,4.4589100992501094e-05,4.164300618867856e-05,5.068215095299012e-05,5.743232664244715e-05
3449,5.056417670049187e-05,8.723904873477295e-05,5.005335687488292e-05,5.9355102715198885e-05
3450,4.7717751787988366e-05,3.6226415977580474e-05,5.038342751164844e-05,6.228695586614777e-05
3451,5.126282124062224e-05,3.8377142773242666e-05,5.05800345681362e-05,6.542596261424479e-05
3452,4.57624966576178e-05,3.4715246802079494e-05,5.160158971217849e-05,6.567750100803096e-05
3453,5.272993437958778e-05,3.294402617029846e-05,5.1995812073033045e-05,6.290244593110402e-05
3454,5.563914412050508e-05,3.085475480474997e-05,5.211211041298359e-05,6.296193049638533e-05
3455,4.912622162212049e-05,3.802201390499249e-05,5.205314257069e-05,6.102077243558597e-05
3456,4.344704995067635e-05,8.137228302075528e-05,5.207501668305163e-05,6.165637782250997e-05
3457,4.3338258017481876e-05,3.309320432890672e-05,5.341506636614214e-05,6.0995070976787254e-05
3458,6.379607159437405e-05,5.2880101720802485e-05,5.2769435202774035e-05,5.864898377330974e-05
3459,5.971455407335371e-05,3.17418191843899e-05,5.3005786099917424e-05,5.271788686222864e-05
3460,5.531394706243494e-05,4.255575273418799e-05,5.180883204981608e-05,4.99601376213832e-05
3461,4.617938995781717e-05,8.379863109439612e-05,5.214370222383878e-05,4.96848873968702e-05
3462,4.969767887410449e-05,0.00010750853543868288,5.2191266482986985e-05,4.777231804910118e-05
3463,5.006955651171868e-05,0.00013385718630161137,5.236185074981122e-05,4.771810155943969e-05
3464,6.603640604427912e-05,4.444438091013581e-05,5.234470353752841e-05,4.846174855483697e-05
3465,5.246209854602866e-05,3.193976590409875e-05,5.264406461210457e-05,4.950993878010196e-05
3466,5.267990457165676e-05,3.391271944565233e-05,5.2631519605832493e-05,4.9862221753573984e-05
3467,5.21698050579289e-05,3.443079804128501e-05,5.210101727376847e-05,5.1465804124018175e-05
3468,4.146499653062266e-05,5.265704283374362e-05,5.1925631169190936e-05,5.2076876698993154e-05
3469,7.902380442828872e-05,3.82545220782049e-05,5.2160299072339616e-05,5.0137991670635526e-05
3470,4.430666734050545e-05,4.2313098601880485e-05,5.260050220127191e-05,5.30245232861489e-05
3471,5.435231712504497e-05,3.241711841837969e-05,5.1875314883687274e-05,5.236904749763199e-05
3472,4.377664805765057e-05,3.180482512107119e-05,5.120377281354094e-05,5.240655292000156e-05
3473,5.296085534306864e-05,3.476175057585351e-05,5.137276377855516e-05,5.19545505696442e-05
3474,5.175328317919694e-05,3.94248150405474e-05,5.174397260658831e-05,4.9883522573509256e-05
3475,5.198235845859421e-05,3.487100373604335e-05,5.276091684370639e-05,4.811548282450531e-05
3476,5.083414093355208e-05,5.696831765817478e-05,5.24931644653811e-05,4.460135499539319e-05
3477,5.3246523522021664e-05,6.092000243370421e-05,5.138540127162641e-05,4.452783465385438e-05
3478,5.241630922278596e-05,4.175110050709918e-05,5.131580601042112e-05,4.463872821070254e-05
3479,4.237658581890476e-05,7.094431406585499e-05,5.109782164331087e-05,4.458454546693247e-05
3480,4.47415690076822e-05,5.3298828279366715e-05,5.090107934374828e-05,4.55248796963133e-05
3481,4.931374752939316e-05,3.290015731181484e-05,5.1000254854443484e-05,4.4708195095881825e-05
3482,5.434333624078944e-05,0.00010525649471674115,5.007147951691877e-05,4.449036623700522e-05
3483,4.5666388654758014e-05,3.649320700787939e-05,5.014532762417932e-05,4.408649868273642e-05
3484,4.292600231969522e-05,3.267945474362932e-05,4.970098577905448e-05,4.407569011091254e-05
3485,5.953872118779044e-05,3.125569397525396e-05,5.0176573293477613e-05,4.4143559271469706e-05
3486,5.5459610658646044e-05,3.202293119102251e-05,4.975399303269417e-05,4.402206302329432e-05
3487,7.512128480205623e-05,6.330754171358421e-05,5.087284521998501e-05,4.367403399664909e-05
3488,4.337574705358646e-05,4.600399057380855e-05,5.070236809988273e-05,4.42715912417043e-05
3489,3.8342326200411964e-05,4.2606372371665205e-05,5.07221289616104e-05,4.6069490123773e-05
3490,5.07222170158962e-05,3.471210482530296e-05,5.0131149477803966e-05,4.5139662589645005e-05
3491,4.723029539390053e-05,3.255815085140057e-05,5.066535150884496e-05,4.546187291271053e-05
3492,4.725124756886443e-05,5.793915377580561e-05,5.0833006031785375e-05,4.58291293180082e-05
3493,4.394438429800276e-05,3.223992782295682e-05,5.102395228815213e-05,4.608900787425227e-05
3494,5.580442099017091e-05,3.2808800606289877e-05,5.08512012168972e-05,4.6928261974244376e-05
3495,4.6152870022019165e-05,3.221640974516049e-05,5.030085995547578e-05,4.399687020340934e-05
3496,4.324377099692356e-05,3.2146904122782874e-05,5.0229153295771953e-05,4.5055588841205466e-05
3497,5.566633591822918e-05,3.3501554135000333e-05,5.1060382278066965e-05,4.7140826372196894e-05
3498,4.239634882348279e-05,3.172434437146876e-05,5.073044824174658e-05,4.824261157482397e-05
3499,7.972458786146793e-05,3.072408937441651e-05,5.08648443685767e-05,4.82165688619716e-05
3500,4.772043045603722e-05,4.980993486242369e-05,4.941241414700117e-05,4.868035513500218e-05
3501,5.132816247674378e-05,0.00010191578970989213,4.9357388629707397e-05,4.8771934784599585e-05
3502,3.8472036426861046e-05,3.76743140805047e-05,5.016185364996393e-05,5.186175231938251e-05
3503,6.577135999881042e-05,4.980635858373716e-05,5.0414421080010163e-05,5.5138447141507644e-05
3504,4.6567948892415085e-05,8.012572419829666e-05,5.065778801654232e-05,5.5219508940354e-05
3505,4.951522541685133e-05,5.9795792185468596e-05,5.05057947768364e-05,5.436598284286448e-05
3506,4.499497074801992e-05,5.3881509811617436e-05,5.0561343350434767e-05,5.5486879084492114e-05
3507,4.0584804705253593e-05,3.197170044586528e-05,5.0653297582175574e-05,5.6027411582181244e-05
3508,4.387372216216237e-05,6.296117295278237e-05,5.0593078260297055e-05,5.6209181610029204e-05
3509,6.370672687707055e-05,8.48103930184152e-05,5.1142020661306256e-05,6.152513357228601e-05
3510,5.1290370279780794e-05,5.880032404093072e-05,5.090642790019046e-05,6.381843814160675e-05
3511,5.881951382939911e-05,3.137186336971354e-05,5.136842923723937e-05,6.597981973027346e-05
3512,3.881052926266825e-05,7.490219853934831e-05,5.0322480192052236e-05,6.599915798287838e-05
3513,4.2000109121242225e-05,4.829348181374371e-05,5.0187494544823285e-05,6.535792041686365e-05
3514,5.8453951706825236e-05,0.00011985181074123829,4.977265657329957e-05,6.257490247953684e-05
3515,5.7036402767052e-05,0.00011662947537843137,4.99479080222146e-05,6.267620811413508e-05
3516,5.331446880720452e-05,3.45846958225593e-05,4.9340588594431114e-05,6.210402153665199e-05
3517,4.3451416576216516e-05,3.660100133856759e-05,4.946832938795625e-05,6.112013031088281e-05
3518,4.533309863796199e-05,6.026233386364765e-05,4.949648932880437e-05,6.0375694552203644e-05
3519,5.8103276783690994e-05,4.632211304851808e-05,4.988983293765665e-05,6.148192390683108e-05
3520,4.464738697505608e-05,3.6760660441359506e-05,5.0287447993145586e-05,6.319623773742933e-05
3521,5.696733102215351e-05,0.00016504570317920297,5.021897158375295e-05,6.235516610613558e-05
3522,4.977651689033438e-05,9.083416836801916e-05,4.946119174532619e-05,6.083933595509734e-05
3523,5.3946382249705496e-05,8.575888408813625e-05,4.9330173884098056e-05,6.273207777121569e-05
3524,5.35758617317899e-05,3.120754568953998e-05,4.921169785488423e-05,6.318292072392068e-05
3525,4.434578927531321e-05,3.3778995712054896e-05,5.018639431461149e-05,6.29207449965179e-05
3526,4.095721318865092e-05,3.234034127672203e-05,5.049648400017759e-05,6.269246876181569e-05
3527,4.285332264973679e-05,4.020695494546089e-05,5.0000436837985444e-05,5.957472487061749e-05
3528,5.0588374304222976e-05,3.550169414666016e-05,4.9542804377334605e-05,5.644597176869865e-05
3529,4.9761468730543535e-05,5.552844355406705e-05,4.9543969553714213e-05,5.651769475953188e-05
3530,5.021922393805451e-05,4.118489821848925e-05,4.957291301947812e-05,5.747009798360523e-05
3531,5.4828560969326645e-05,8.153724367730319e-05,4.999410561091888e-05,5.943891260831151e-05
3532,5.0525181092477095e-05,7.482954621082171e-05,4.9804190101955715e-05,5.889837676368188e-05
3533,4.2161811927346406e-05,4.1934382170438764e-05,5.006123723255264e-05,6.143590869905894e-05
3534,4.4762230916401475e-05,4.691463924245909e-05,4.9830441253531424e-05,5.676227747171652e-05
3535,4.801492374907765e-05,0.0001061188694438897,4.9979699538218696e-05,5.7644104337668976e-05
3536,5.5857613099053396e-05,4.264293718733825e-05,5.0493389637429376e-05,5.562974344938994e-05
3537,6.317794075584971e-05,6.834780535427853e-05,5.0009428638602716e-05,5.560945508768782e-05
3538,4.975235126039479e-05,4.258657594618853e-05,5.051257543091197e-05,5.659628558787517e-05
3539,4.6052772652021505e-05,4.1908213461283594e-05,5.096565213041484e-05,5.65477519237902e-05
3540,4.5595591250781177e-05,3.841064783046022e-05,5.097686924451005e-05,5.966084732499439e-05
3541,5.334359821669447e-05,3.637777059338987e-05,5.077034319870614e-05,6.0745675675570956e-05
3542,4.4175003220314264e-05,6.0411081940401345e-05,5.0665650547630824e-05,5.980792434420437e-05
3543,5.5862913423981e-05,0.00010948269948130474,5.0290918573025716e-05,6.0564675586647346e-05
3544,5.3355389059611804e-05,3.2808716932777313e-05,5.0455711859588824e-05,6.011037500866223e-05
3545,5.107356523997926e-05,0.00010019895882578566,5.0513213466102666e-05,5.847170173947234e-05
3546,5.119743154662299e-05,4.8204922495642674e-05,5.089493776128317e-05,5.881986837193836e-05
3547,5.350797400751617e-05,0.00011287984001683071,5.097623342525265e-05,5.926707166654524e-05
3548,6.678863472997263e-05,3.5399861881160175e-05,5.095605975915936e-05,6.354526844515932e-05
3549,4.14768367611234e-05,3.070033664698712e-05,5.091087366907029e-05,6.308660651557148e-05
3550,5.692445908304459e-05,5.84497582167387e-05,5.0248408203737594e-05,6.171815228881315e-05
3551,5.228413067622265e-05,3.1126999674597753e-05,5.118466710814068e-05,6.134620094962884e-05
3552,4.313375050211713e-05,0.00011803433997556567,5.1649230560805236e-05,6.0902860673377295e-05
3553,4.542522315912518e-05,6.262240291107446e-05,5.1508574464888726e-05,6.067190760804806e-05
3554,4.714415245366076e-05,3.208466026990209e-05,5.092454456219759e-05,6.055922484665644e-05
3555,4.085092457292679e-05,6.010367927956395e-05,5.0697079734850876e-05,5.948737669095862e-05
3556,5.8948393133404254e-05,7.017972922767512e-05,5.014398356530971e-05,5.6682761598494824e-05
3557,5.196272125532333e-05,3.386271448107436e-05,5.036585422155137e-05,5.7621124462457365e-05
3558,5.170491930685886e-05,5.063854798208922e-05,4.992860686066301e-05,5.6693832279415797e-05
3559,4.679462251563867e-05,5.8094721607631074e-05,5.130309227711728e-05,5.784779244568198e-05
3560,4.751058209674536e-05,0.00021307378890924155,5.131506981140572e-05,5.458903386606834e-05
3561,5.472796084682664e-05,3.1176388947642405e-05,5.0489568060018225e-05,5.4421256220666685e-05
3562,4.661630412253241e-05,3.413644968532026e-05,5.077900197162913e-05,5.459936248953454e-05
3563,7.315882387047167e-05,3.328779246658087e-05,5.123251520239541e-05,5.400728644744958e-05
3564,5.76668589686354e-05,3.082470655499492e-05,5.126252649448967e-05,5.452006277046166e-05
3565,4.207918885286846e-05,3.2636821197229436e-05,5.131623656391943e-05,5.253779232152738e-05
3566,3.874285064941634e-05,3.356070155859925e-05,5.143157700820464e-05,5.164080606482457e-05
3567,3.848838253664629e-05,3.3614878047956155e-05,5.135080258575423e-05,5.3561846649972716e-05
3568,4.20355091854516e-05,3.936732216970995e-05,5.157735403902027e-05,5.262286579527427e-05
3569,5.890215546565337e-05,5.626778853184078e-05,5.104178125184263e-05,5.6589452896150754e-05
3570,4.014238121777049e-05,7.701665424974635e-05,5.1682920753794157e-05,5.662754150398541e-05
3571,8.555956695797957e-05,7.705392665229737e-05,5.139831778667738e-05,5.6181387190008526e-05
3572,5.380741236472709e-05,3.141087552648969e-05,5.155173165565228e-05,6.0682746104430394e-05
3573,4.615109094528533e-05,3.120542074611876e-05,5.178887388303539e-05,5.350902644277084e-05
3574,4.87126845513962e-05,3.5152993368683384e-05,5.155291089791313e-05,5.45153074315749e-05
3575,6.826228985220142e-05,4.364785716461483e-05,5.219435865567196e-05,5.619736285880207e-05
3576,5.3034412978579184e-05,4.394640774989966e-05,5.1118972552649214e-05,5.678764928597956e-05
3577,4.447650223786089e-05,6.84775787522085e-05,5.064994695955343e-05,6.342574286682064e-05
3578,4.830873426625557e-05,4.019774649350438e-05,5.1048684474436504e-05,6.34071285225218e-05
3579,4.512479189240063e-05,8.01106748986058e-05,5.159896278718305e-05,6.399644133925903e-05
3580,4.6514710904577646e-05,3.662915791210253e-05,5.1847408859531335e-05,6.394684532133395e-05
3581,4.5559073453963115e-05,0.0001693444067495875,5.18426416511324e-05,6.364448165404609e-05
3582,6.799120880411162e-05,3.4814929676940665e-05,5.148123961617885e-05,6.5479111627792e-05
3583,4.458984512893949e-05,3.948469013266731e-05,5.192731378176379e-05,6.366602295893244e-05
3584,5.0629969240011024e-05,0.00017062869446817785,5.033507121180366e-05,6.230232883244752e-05
3585,5.3439137781323454e-05,3.373079736775253e-05,5.024799454274924e-05,6.237686808453873e-05
3586,4.8828886218769994e-05,5.6333413667744025e-05,5.051878969744495e-05,6.250220423389692e-05
3587,6.265249806650294e-05,7.618783536599949e-05,5.050377963230454e-05,6.353190387890208e-05
3588,4.627417129490317e-05,4.804495314601809e-05,4.995186914602528e-05,6.557160444790498e-05
3589,4.5941219141241164e-05,0.0001967770460760221,4.968773064950559e-05,6.546543059230316e-05
3590,5.2047626724945275e-05,3.217146258975845e-05,4.9636326090937175e-05,6.884329143504146e-05
3591,5.2499808468079816e-05,4.829352197702974e-05,4.970937336167683e-05,6.858437560731545e-05
3592,4.469953434535354e-05,3.2374977599829436e-05,5.047850015447088e-05,7.059050449170174e-05
3593,4.191632897547808e-05,3.180823048751336e-05,5.059232541130365e-05,7.050060041656253e-05
3594,4.98671045918147e-05,0.0001021335378754884,5.0985756333264166e-05,6.502343305619433e-05
3595,5.129423535739382e-05,3.168943752825726e-05,5.030025132598693e-05,6.540826604759786e-05
3596,4.575350270897616e-05,4.296157349017449e-05,5.0985033912487185e-05,6.507360569376032e-05
3597,5.1630495638366685e-05,3.327435682876967e-05,5.1022467631426285e-05,5.9540662696235814e-05
3598,5.292096981267807e-05,3.4338824480073524e-05,5.1188493572893404e-05,6.26592451822944e-05
3599,4.833743292288596e-05,6.089548449381255e-05,5.1673087612693465e-05,6.204419606074226e-05
3600,5.446452769521986e-05,9.464037138968706e-05,5.0919417966603464e-05,6.0773903792141945e-05
3601,4.6430950565587006e-05,4.1292061359854416e-05,5.085073507426488e-05,6.010125892644283e-05
3602,4.319138827365047e-05,0.000152924099820666,5.112919940875145e-05,5.359947033575737e-05
3603,5.0134916034747017e-05,3.3724850800354035e-05,5.213830956862593e-05,5.38958001357969e-05
3604,6.435296171225167e-05,0.00013026389700826257,5.1929004484393065e-05,6.563549425336533e-05
3605,4.936034232539694e-05,3.4381556033622474e-05,5.26032260805045e-05,6.957262278883717e-05
3606,5.539484650297608e-05,3.241522274038289e-05,5.289851664646347e-05,6.958912279224023e-05
3607,5.085358362218055e-05,4.443575446202885e-05,5.270344775684255e-05,6.678103467565961e-05
3608,6.170940979144588e-05,3.111818128672894e-05,5.2660866191177365e-05,6.671822339994833e-05
3609,5.156581221348865e-05,3.230511953006499e-05,5.284541630228179e-05,6.833886659587734e-05
3610,5.758978631800144e-05,0.00011169535951921717,5.3035651350930694e-05,6.823982677306049e-05
3611,6.094373721377148e-05,4.0957185628940355e-05,5.313081653795153e-05,6.831938545510637e-05
3612,4.381075691425293e-05,4.443052865099162e-05,5.296308635345971e-05,6.743519503215793e-05
3613,4.455709898643868e-05,3.122883150354028e-05,5.307205023936048e-05,6.520551671565043e-05
3614,5.290282750340541e-05,3.423233130888548e-05,5.298683956756981e-05,6.498910525406245e-05
3615,7.727538072180728e-05,3.957970759074669e-05,5.297878881521885e-05,6.031268411607016e-05
3616,4.726718136225827e-05,0.0003417858749162406,5.278037630228533e-05,6.040740519820247e-05
3617,6.155507424813954e-05,0.00013080319098662585,5.198952333739727e-05,5.847591730125714e-05
3618,4.929859312445236e-05,3.2220730572589675e-05,5.223833444033518e-05,5.841564859438221e-05
3619,4.4990382351291675e-05,3.193133496097289e-05,5.1508311885764775e-05,5.8492706474498844e-05
3620,5.022969621576421e-05,3.011915563547518e-05,5.114626257386085e-05,5.795841353829018e-05
3621,5.0367255486586755e-05,8.347765338839963e-05,5.095701346662181e-05,6.0457827351638115e-05
3622,5.638637185458922e-05,3.079836125834845e-05,5.081242481553799e-05,6.0437799646751956e-05
3623,5.530009948819901e-05,3.632779153122101e-05,5.1101060668750315e-05,5.83905243081972e-05
3624,4.414417831059028e-05,3.87907239201013e-05,5.082478561331907e-05,5.9631213019019916e-05
3625,5.718862484273915e-05,3.889841347699985e-05,5.107592110887507e-05,5.9247258835239324e-05
3626,4.430068377082029e-05,3.588177482015453e-05,5.140520172248621e-05,6.065553264343178e-05
3627,4.299011946487654e-05,3.6013571370858696e-05,5.122108634532196e-05,6.108350642607546e-05
3628,4.5174603211408894e-05,3.609287785366178e-05,4.982273364035387e-05,6.264171740913297e-05
3629,4.4581637590049976e-05,8.197669958462939e-05,5.013437895540847e-05,5.090449532435741e-05
3630,5.558061989884461e-05,3.2874838361749425e-05,4.99617082226905e-05,4.728292321960908e-05
3631,3.71442826387162e-05,3.4341669743298556e-05,4.974527195768637e-05,4.724728653091006e-05
3632,4.180235082458239e-05,3.1078431056812406e-05,4.977333736735292e-05,4.7447074431693185e-05
3633,5.6978182110469786e-05,9.360352662042715e-05,5.01144799594638e-05,4.918598165677395e-05
3634,4.7951095936393055e-05,3.180442690791097e-05,5.003834299568553e-05,4.7954679207759915e-05
3635,6.480568264830961e-05,6.0513476055348294e-05,4.938536274486169e-05,4.8058303457219164e-05
3636,5.4036860827990395e-05,7.197440339950844e-05,4.950110059629272e-05,4.788205570075662e-05
3637,5.008914430315296e-05,3.4831674056476914e-05,4.932335796070724e-05,4.7783196816453726e-05
3638,5.278911432671723e-05,6.643567670835183e-05,4.892615886977486e-05,4.788014426594601e-05
3639,4.829994307429944e-05,4.493167587497737e-05,4.9167016172497015e-05,4.773947777866852e-05
3640,4.231656309760486e-05,7.853498216718435e-05,4.932472967549176e-05,4.770730851741974e-05
3641,5.50583142386232e-05,4.8355322796851396e-05,4.942558744999891e-05,4.8223500192398204e-05
3642,5.723830593019051e-05,4.0263888367917387e-05,4.998322454307021e-05,4.8185407480923454e-05
3643,4.3887686499349204e-05,3.132981335511431e-05,4.980056110523745e-05,4.86774088058155e-05
3644,4.569201759295538e-05,3.692603248055093e-05,5.054537146610933e-05,5.012311769824009e-05
3645,5.875826101853616e-05,7.359183626249433e-05,5.07930812325665e-05,5.0126925250515345e-05
3646,4.846383139212978e-05,5.269509216304869e-05,5.0392751516968334e-05,4.781708554073702e-05
3647,4.0061865583993494e-05,3.338896749482956e-05,5.01031943001888e-05,4.8099278486915855e-05
3648,5.819354577397462e-05,3.19215976196574e-05,4.939588807076993e-05,4.7606968550826426e-05
3649,3.97006124209535e-05,3.631925181252882e-05,4.899531201841052e-05,4.663471124367789e-05
3650,4.7258647569429334e-05,4.132209971430711e-05,4.914265906651661e-05,4.703436673735269e-05
3651,5.032211633887427e-05,3.23651126382174e-05,4.901965671969165e-05,4.617489806551021e-05
3652,4.693295703974501e-05,3.5209339839639144e-05,4.886016095697416e-05,4.6579065429978075e-05
3653,4.7696047574087667e-05,4.8997669728123584e-05,4.920964042830748e-05,4.4944147687056095e-05
3654,5.8522564916832686e-05,8.102438179776073e-05,4.9193316152215845e-05,4.4280903585604386e-05
3655,5.101403395302542e-05,4.5174871484050524e-05,4.8703728655042754e-05,4.392639886063989e-05
3656,5.576454166051311e-05,7.048439205391333e-05,4.900819287043608e-05,4.42774351715343e-05
3657,4.7995094986011587e-05,3.1173619863693605e-05,4.901539929932268e-05,4.5361456766841e-05
3658,4.6969939220515594e-05,3.5857533875969236e-05,4.831770865437445e-05,4.4547525956295435e-05
3659,4.071216551690466e-05,3.8859250562381934e-05,4.9872244395373845e-05,4.47738523944281e-05
3660,4.712302691283791e-05,4.820572765311226e-05,5.063905157520719e-05,4.49688119959319e-05
3661,4.4022459519005176e-05,4.766797072079498e-05,5.023774305025451e-05,4.6346822072518985e-05
3662,5.3772820505805104e-05,4.482306139834691e-05,5.0425280088125455e-05,4.718233267776668e-05
3663,4.971405565609328e-05,4.4948959912289864e-05,5.056076256684414e-05,4.7189126629382366e-05
3664,4.431254900636203e-05,5.503585998667404e-05,5.093002095721506e-05,4.777362752647604e-05
3665,5.1053549880937984e-05,3.766203859413508e-05,5.084408030767614e-05,4.770346815348602e-05
3666,5.465020733633234e-05,3.177422026055865e-05,5.1052243852366995e-05,4.79222458350705e-05
3667,4.499861850086341e-05,3.14012702438049e-05,5.0473857125487274e-05,4.670681186544243e-05
3668,5.149929188418254e-05,4.010572112747468e-05,5.046463715843856e-05,4.775530101906042e-05
3669,4.587217831512034e-05,6.402657236321829e-05,5.0176857461014554e-05,4.687095158733428e-05
3670,4.131599489483051e-05,5.324356599885505e-05,5.110884069807879e-05,5.0317556152003824e-05
3671,8.732722491711481e-05,5.835325311636552e-05,5.1633170347647845e-05,5.2070520765846605e-05
3672,5.9232045079827205e-05,3.826295753242448e-05,5.1828288056680735e-05,5.200399535242469e-05
3673,4.816083265015752e-05,6.637184953433461e-05,5.183449604761942e-05,5.138438373687678e-05
3674,4.4389038367727254e-05,5.72070169437211e-05,5.199616803276715e-05,5.124267850478646e-05
3675,5.0645709537396516e-05,4.14919485046994e-05,5.2760293198581275e-05,5.128108686476481e-05
3676,5.9553576098147056e-05,4.69776350655593e-05,5.2867817087098964e-05,5.11820131505374e-05
3677,4.478444080127196e-05,3.345535551488865e-05,5.297002531749766e-05,5.030443586874754e-05
3678,5.29001361913591e-05,5.446711176773533e-05,5.2768329996615646e-05,5.108572857861873e-05
3679,4.406289674483964e-05,5.063853255705908e-05,5.2227358167227884e-05,5.2004292237688786e-05
3680,5.078353477680745e-05,7.138710032450035e-05,5.271882494691657e-05,5.3030465354095216e-05
3681,4.8570049224912914e-05,4.837565626075957e-05,5.2946087993849584e-05,5.568072968453634e-05
3682,7.12946759126175e-05,0.00011733873398043216,5.341236102847486e-05,5.469552945287432e-05
3683,6.007818045974192e-05,7.968164922203869e-05,5.344873568974436e-05,5.5671564466319975e-05
3684,4.559010824272668e-05,3.7196115226834084e-05,5.1758189435673163e-05,5.4582296413718725e-05
3685,4.727822668630526e-05,3.2715437264414504e-05,5.162196539264794e-05,5.4565316604566766e-05
3686,4.806425914769837e-05,4.4125339918537066e-05,5.1686947764958155e-05,5.420531889831182e-05
3687,7.287594965115811e-05,4.5783270397805606e-05,5.1468667926059834e-05,5.364695985044819e-05
3688,5.240215286903549e-05,4.247211705660448e-05,5.135206076439418e-05,5.464515243365895e-05
3689,4.6867754766329504e-05,3.3096427941927686e-05,5.06770054796814e-05,5.404889678175095e-05
3690,4.6011166858887815e-05,5.719435634091497e-05,5.096162416610039e-05,5.520568381762131e-05
3691,4.1125911601638004e-05,5.473831173731014e-05,5.10216914993685e-05,5.425929714692758e-05
3692,5.72852879930805e-05,5.705559815396555e-05,5.1066274512817875e-05,5.3715067991288384e-05
3693,5.718086805750823e-05,0.00010636232938850299,5.105130286020641e-05,5.316616758937016e-05
3694,5.752900418075216e-05,3.939656657166779e-05,5.1152378890158927e-05,5.565954037883785e-05
3695,4.222536142656786e-05,7.764444133499637e-05,5.0163457553005894e-05,5.2189663486205977e-05
3696,4.506356856533481e-05,3.1121551801334134e-05,4.9625965596513005e-05,5.264663402631413e-05
3697,5.5826444004196674e-05,3.783846230362542e-05,5.037818055716344e-05,5.332568519224878e-05
3698,4.978539195791301e-05,5.737190687796101e-05,5.018458225531505e-05,5.324354584154207e-05
3699,3.8932042395269186e-05,4.324804074713029e-05,4.980078474812522e-05,5.279023793409579e-05
3700,4.7730530495755376e-05,6.644676308496855e-05,4.926167186964046e-05,5.288310067553539e-05
3701,4.26771939803277e-05,3.207124376785941e-05,4.955915763178686e-05,5.326179233379662e-05
3702,5.189990796174647e-05,6.237503141164779e-05,4.982148175380038e-05,5.61822576855775e-05
3703,5.440181952306173e-05,3.0807445000391454e-05,4.955220776254363e-05,5.522205661982298e-05
3704,4.517747208107418e-05,3.703280366607942e-05,5.006390524439565e-05,5.43488965020515e-05
3705,5.0409243461520724e-05,5.766459027654492e-05,4.960619405448799e-05,5.397088563186117e-05
3706,5.1096949973725714e-05,0.0001107099759974517,4.968633148237131e-05,5.154120896186214e-05
3707,4.657164248379154e-05,3.0591811664635316e-05,4.904736646632146e-05,5.124105363502166e-05
3708,4.6640881547419766e-05,9.110591272474267e-05,4.94845450273715e-05,4.9947472129133526e-05
3709,6.439548225898761e-05,5.4172394375200386e-05,4.980819530287085e-05,5.051480620459187e-05
3710,4.2438269140095345e-05,3.066195349674672e-05,4.9701330560815724e-05,5.081346385995858e-05
3711,3.846932146795249e-05,3.2792642232379874e-05,4.983610790061195e-05,5.033078373235185e-05
3712,5.939812768903923e-05,4.810483893379569e-05,5.040501922291392e-05,5.0413058249978354e-05
3713,5.983929692269562e-05,5.193940851313528e-05,5.062199102119645e-05,4.956738387409133e-05
3714,5.3425857816667604e-05,0.0001061080617364496,5.104109628009608e-05,5.0096730270888665e-05
3715,3.927931707746918e-05,3.318932969705202e-05,5.109129297973897e-05,4.9413925161934464e-05
3716,5.3918348647938625e-05,3.290930879302323e-05,5.104141321692924e-05,4.999382350943052e-05
3717,4.5842508245388876e-05,4.760532639920712e-05,5.1360507351799024e-05,5.032470751029906e-05
3718,5.918430375459138e-05,4.562041263852734e-05,5.147033063145094e-05,4.983032004674898e-05
3719,4.15548787795059e-05,3.18926834006561e-05,5.1552645650614655e-05,4.7214117154362626e-05
3720,5.315482545281864e-05,4.530490368779283e-05,5.181597296937573e-05,4.780264083528893e-05
