epoch,train_loss,val_loss,train_loss_smooth,val_loss_smooth
1,0.14162337516744933,0.051942318379879,0.09124534944130315,0.04422172609865665
2,0.04536495544844203,0.04334609255194664,0.08668895395265687,0.04325120624005794
3,0.043196870469384724,0.042092734277248384,0.08209535572859976,0.042238265174627296
4,0.041793698834048376,0.040511526614427563,0.07747174217071799,0.041192339429259296
5,0.04039577295382817,0.0393039958178997,0.0728170031471385,0.040115952974557875
6,0.03891030106279585,0.038117067217826844,0.06813501089778211,0.03900979079306125
7,0.037367955048878986,0.036538026332855224,0.06342641097572116,0.037882445442676535
8,0.035810007254282634,0.03512383535504341,0.05869393203424083,0.03672130531370639
9,0.034295051213767795,0.033729302883148196,0.05393256257375082,0.03554279775917529
10,0.032753195150030986,0.03236511446535587,0.04914634610513846,0.034331211490929124
11,0.03133309251732296,0.03090221159160137,0.04433236272798644,0.033092847770452495
12,0.03000601136022144,0.029725042060017585,0.0394930765994721,0.031826229394972316
13,0.028802947542733617,0.028538064360618592,0.03462877197878228,0.03053268350958824
14,0.027713487951291933,0.02767932191491127,0.029738570431371524,0.029218532824516294
15,0.026783419566022024,0.02661879174411297,0.0286746178029312,0.0282244076102972
16,0.026033036220404836,0.0257941747456789,0.02767688721567392,0.0272609319999814
17,0.025254899577962026,0.025032657012343407,0.026714847495489646,0.02634176291376352
18,0.02457356893353992,0.024288263842463492,0.025790458725558383,0.02545707541406154
19,0.023908377115925153,0.023758684620261192,0.024909748405549256,0.0246116686835885
20,0.023311401630441347,0.022913815155625343,0.02407860585070318,0.023812811981141567
21,0.022589138655198945,0.02247962951660156,0.023299643266035445,0.023058171020448208
22,0.021967963452140492,0.021652661673724653,0.022571844747000268,0.022351504741609095
23,0.021273790738648837,0.020983225367963314,0.021897792382703885,0.02169302384853363
24,0.020641221954590745,0.02027685899287462,0.021275256123145417,0.021092180858552457
25,0.020015759650203916,0.019603671245276927,0.020698707456555627,0.02052855621725321
26,0.01936833648218049,0.019088551253080368,0.02016920964717865,0.020008917170763016
27,0.018766139737433858,0.018492962196469308,0.019677543004684977,0.01951855539828539
28,0.01825360578795274,0.01800584401935339,0.01922254826327165,0.01906670583039522
29,0.017742705829441548,0.01753229945898056,0.018789883838925096,0.018647357925772663
30,0.017286053705546593,0.017186808325350286,0.018386131035288175,0.0182522898748517
31,0.01689254306256771,0.016981898956000805,0.018004361286097104,0.01788464449644089
32,0.016589391177727116,0.016566608771681784,0.017647818813059067,0.017533185751736163
33,0.016335942637589244,0.016257811337709427,0.017308331653310194,0.017212714375555514
34,0.016100088237888284,0.01606264591217041,0.01699371128893561,0.016933829236030574
35,0.0159018860426214,0.01590309213846922,0.016700715215835306,0.01665269930511713
36,0.015769686028361322,0.01588113684207201,0.01643251249872976,0.016394895331561566
37,0.015592294695476691,0.015634426027536393,0.016183296672503154,0.016166288235783578
38,0.015565502308309078,0.01554708819836378,0.01595441418869628,0.01595359453558922
39,0.015421821888950136,0.0154202776029706,0.015750565824740465,0.01575777893215418
40,0.015408551030688816,0.015322552546858787,0.015562410146991413,0.015584681159257891
41,0.015216425611741012,0.015310477130115033,0.015392226597997879,0.015419201207906009
42,0.015161079487038983,0.015155955739319325,0.015235526005923749,0.015267112450301648
43,0.015029325203763114,0.015097129382193089,0.015089695085253981,0.015123952584713697
44,0.014994815289974213,0.014972216002643108,0.014954357912143073,0.014990462721139193
45,0.014824222636719545,0.014902030751109123,0.014827503332578476,0.014860218419134616
46,0.01472362954583433,0.015507501028478145,0.01470094967857003,0.014734303177148102
47,0.014643061624632941,0.014624413400888443,0.014580531448870896,0.01461492432653904
48,0.014568722811010149,0.014538126029074193,0.014461497647149693,0.01448955824151635
49,0.014410826298925612,0.014561681598424912,0.014338968022416033,0.014362378271669148
50,0.014293697555032042,0.014286328740417957,0.014227183197687069,0.014245642355084418
51,0.014272127383285099,0.01419316116720438,0.01409594675377011,0.014120622503012414
52,0.014062247793707582,0.014165517874062061,0.013966737055530148,0.01399011918455362
53,0.013999017063114377,0.013868845235556364,0.013834910778287383,0.013850886832922698
54,0.013825191027588314,0.013730080518871545,0.013695984337147738,0.01370292481780052
55,0.013640280688802402,0.01360781168565154,0.013552077854507499,0.013572946997731922
56,0.013509113734794988,0.013644652366638184,0.013407086439016794,0.013415064015984534
57,0.01341802668861217,0.013310501221567392,0.013253065999266176,0.013255082450807094
58,0.013172101287378205,0.0131099302880466,0.013093891569723686,0.013111636476218698
59,0.013089632495409913,0.013078174646943807,0.012932141277939081,0.0129102960832417
60,0.01292604099959135,0.012768940012902021,0.012761681383434273,0.012734192262589933
61,0.012706445410019822,0.012701637595891952,0.01258748769933979,0.012563051960617305
62,0.012797674077252547,0.012716028112918139,0.01241218726726042,0.01236917918920517
63,0.012284591210385163,0.012421591896563769,0.01222976954488291,0.012179074390977618
64,0.012191579432951079,0.012157694641500712,0.012038814911329083,0.011989472463726995
65,0.012112894099619654,0.011841743756085633,0.011850880139486656,0.011782116376608613
66,0.011743264583249887,0.011611426752060651,0.011647309523241388,0.011578296800702811
67,0.011563417421032986,0.01190651023760438,0.011439218007690377,0.011367303889989853
68,0.011404539816495446,0.011150054838508368,0.011231489608519607,0.011151556228101255
69,0.011144304296208753,0.010972676873207092,0.011018616120765604,0.010944309908896685
70,0.010844861898157332,0.011315881386399268,0.010797505721532636,0.010726383566856384
71,0.010679872251219219,0.010473991204053163,0.01057518384332458,0.010494254443794489
72,0.01038156426201264,0.010221817884594203,0.0103482708307604,0.010254234691709281
73,0.010213880708648098,0.010259618479758502,0.010110508427810338,0.010013656869530678
74,0.010028315496941408,0.009714862313121558,0.009871412345228925,0.009765637170150875
75,0.009733254495594236,0.009533708784729242,0.00961923780453702,0.009505072680115698
76,0.009498261544439527,0.009453112985938787,0.009378783439058399,0.009248020360991357
77,0.009363878497646914,0.00898161569610238,0.009129969991867742,0.009004974521324037
78,0.008909751656982634,0.008773355837911367,0.008875936029561694,0.008747553031891583
79,0.008622903138813046,0.008455257751047612,0.008624261934227417,0.00848925945609808
80,0.008447070709533162,0.008214120138436556,0.00837016498413351,0.008222846765816213
81,0.008187276540944973,0.008463494386523962,0.008113531281881862,0.007964118058606983
82,0.007890266707787912,0.007862342670559883,0.007861036282363865,0.007702648141980172
83,0.0076140543321768445,0.007306702211499214,0.00760834565601415,0.007423735675588251
84,0.007416807181305355,0.007077680844813586,0.007352285564525258,0.007167634268850089
85,0.006981980925839808,0.006754494458436966,0.007099848651368584,0.006910218228772283
86,0.006729043345484469,0.006501145111396909,0.00684562352463189,0.006652339813858271
87,0.006493310559954908,0.006201915862038732,0.006592314774067038,0.006403602434322238
88,0.006273232073419624,0.005995283918455243,0.006342667588156959,0.0061562042057514196
89,0.00597124325318469,0.006081548649817705,0.006096828276726107,0.005902164081484079
90,0.005762045041968425,0.005406206520274281,0.0058474400845045845,0.005663522555306553
91,0.005451412199892931,0.005154087357223034,0.005609699359308516,0.005424988566339016
92,0.005210993668685357,0.00524619298055768,0.005380088437948792,0.005191270452737808
93,0.004988697260204289,0.004681837158277631,0.005150714534831544,0.004963667813129723
94,0.004831929308258825,0.004435928957536817,0.004926337146158848,0.00471941785775125
95,0.00452759623941448,0.004343069726601243,0.0047077835537700195,0.004493952065892517
96,0.00427836996399694,0.004071456035599112,0.004496715633550452,0.00428691117092967
97,0.0040706414330957666,0.003786416882649064,0.004289810188507868,0.004084439875744283
98,0.003858252540230751,0.0038126581069082024,0.004096358630040453,0.003893799938261509
99,0.003695596732820074,0.0034964278247207404,0.003912217126227915,0.0037085851190611727
100,0.0034920748478422564,0.0033487530704587698,0.003733619115915563,0.003539868883974851
101,0.0033522787586682374,0.003102109879255295,0.003559991571741799,0.0033751682892441755
102,0.003129173692108856,0.0030155775416642427,0.0033958757587812007,0.0031984961494803434
103,0.0029662335270808802,0.0028100061137229203,0.0032383802405248083,0.003047056284733117
104,0.0028826301048199337,0.002612304911017418,0.00309147854178316,0.0029041745916008953
105,0.002712723131602009,0.002524054148234427,0.0029525635913635285,0.002757307950034738
106,0.0025778418241275683,0.002357245502062142,0.0028210491592064496,0.002630334150418639
107,0.0024264268980671963,0.0022256978740915656,0.0026943281946910746,0.00251314121093601
108,0.002337356326687667,0.0021306798374280335,0.00257879380053944,0.0023982228759676216
109,0.0022441710552407635,0.002015898465178907,0.0024718071934249665,0.002299379665404558
110,0.002145691964154442,0.0019884960213676097,0.00237435184377763,0.0022059346390888093
111,0.0021255057501710123,0.0018707746313884855,0.002283145927182502,0.002110361926443875
112,0.00202836030214611,0.001984009984880686,0.0021985946475735142,0.002025866424664855
113,0.0019325434690755274,0.0018777690501883626,0.002121686332828055,0.0019495476804673676
114,0.0018683479291697342,0.0016647451557219028,0.0020520409474459786,0.0018796522691845897
115,0.0018246570855586066,0.0016202099015936256,0.0019883794782062374,0.0018183684337884187
116,0.0017788697313517333,0.0015820450289174915,0.0019309177569631075,0.0017621569760143756
117,0.001738119908194575,0.0015745269414037465,0.001876485104972704,0.0017121494386345148
118,0.0017008364562773042,0.0015074921678751706,0.0018282446513676813,0.001665060074441135
119,0.0016639051953744558,0.0015061054704710842,0.0017884892127683597,0.00162418485339731
120,0.001639236385623614,0.001470111352391541,0.0017506450671806106,0.0015890121137723326
121,0.0016037047861350907,0.0016003757715225219,0.0017180095942690972,0.0015587032513692976
122,0.001634257691912353,0.0014502912247553467,0.0016892605447727776,0.0015436728628352282
123,0.0015781046253525548,0.0014233402907848358,0.0016630110658084354,0.0015175170620903371
124,0.0015818147425953712,0.0013840402802452446,0.0016366495006510783,0.0015016393432393672
125,0.001569366979205774,0.001440784465521574,0.0016158330342318453,0.001475456993840635
126,0.0016111441241163347,0.0013547245971858501,0.0015974678968493313,0.0014537465509027244
127,0.0015376369611153173,0.0014834816567599774,0.0015823130116591026,0.0014452427776530383
128,0.0015296904960026344,0.0014047196693718433,0.001569216543570575,0.001432226684503257
129,0.0015218138050598403,0.001362116476520896,0.0015557952027664417,0.0014238184282556177
130,0.0015067117914764417,0.00134682004339993,0.0015449549110088912,0.0014143203761428594
131,0.0015839558591445287,0.0013353649759665132,0.0015367838233398894,0.0014061554942280054
132,0.0014803232583734723,0.0013463793834671378,0.0015274143267422916,0.0013972732216119765
133,0.0015214695038998293,0.0013729582773521543,0.0015194042320466703,0.0013913658363744618
134,0.0015254448178327745,0.0016401387518271803,0.0015125371242976852,0.001378891509771347
135,0.001489454990045892,0.0013346010027453304,0.0015053152279307447,0.0013740394860506059
136,0.0014664666212370826,0.0014738316601142288,0.0014989168876368138,0.0013691785763949157
137,0.0015079486416652798,0.001329451249912381,0.0014927204717675017,0.0013705466391518715
138,0.0014734150345126788,0.0013350079767405986,0.0014866633663264412,0.0013644582102075222
139,0.0014894757994140188,0.0014521508244797587,0.0014787949280709856,0.0013601178310811521
140,0.0014972453833454185,0.0012948075728490948,0.001474801855948236,0.0013527455110102892
141,0.0014433362112484045,0.0013718386227265,0.0014700532869746288,0.0013515927121043206
142,0.0014671126142558125,0.0013370756385847925,0.0014643518186174332,0.0013604692449793222
143,0.001496559264552262,0.0013033701200038195,0.0014616113839981454,0.0013574974685907364
144,0.0014296677804345058,0.0012840486550703646,0.0014536892074574197,0.0013532774779945614
145,0.0014389840182330873,0.0013224267214536666,0.001449760585599061,0.0013485720103606582
146,0.0014320270924104584,0.001288517606444657,0.0014438075228904684,0.0013459569303318857
147,0.001453710282738838,0.001328990631736815,0.0014382174538655412,0.0013292823443189262
148,0.001418146118004289,0.001301817549392581,0.0014326039325238931,0.0013269663417711853
149,0.0014269043458625674,0.0014182418491691352,0.0014277348494467635,0.001320041651278734
150,0.0014179393431792656,0.0012885737419128418,0.0014225701904234786,0.001318116603977978
151,0.0014144331677299407,0.0012462151190266012,0.0014187430928875174,0.0013128496445715425
152,0.0014378101580465833,0.0012991736549884082,0.001413672879141652,0.0013028141040354966
153,0.0014109762716624473,0.0013758996967226267,0.001407443694977297,0.0013014739075675606
154,0.0013792770961299538,0.0015840297983959317,0.0014020708361226653,0.0012946627639234065
155,0.0014382009259942506,0.001272525633685291,0.001397121297568083,0.001288519922271371
156,0.0013859014456263847,0.0012298652110621334,0.0013898329683682987,0.0012838271250948314
157,0.0013821077119145128,0.001228742692619562,0.0013847794978982875,0.0012821784522384408
158,0.0013726429361850022,0.0013075812766328455,0.001379220395969848,0.0012767356405034664
159,0.0013856930922095975,0.0012232741015031933,0.0013741152713851385,0.0012748051874339578
160,0.0013491169565046828,0.001276700939051807,0.0013694282703153378,0.0012682789023965595
161,0.001344739544308848,0.001300714397802949,0.0013648121170751338,0.001262327735312283
162,0.001378832166083157,0.0012813250673934817,0.0013591780324311309,0.0012511650862172246
163,0.0013777375961136486,0.0012033339915797114,0.0013549305174241051,0.0012478915909305214
164,0.0013627204557673798,0.001201262311078608,0.001348623338967769,0.0012428306974470614
165,0.0013415157792365385,0.0012613026611506938,0.0013407758886253254,0.001235320475138724
166,0.0013090147398826149,0.0012015600316226482,0.0013353946174960588,0.001227599841915071
167,0.0013433741503912542,0.0011835045972838998,0.0013309406971921112,0.001209682507440448
168,0.0013143510345576539,0.001186050190590322,0.0013227867790135657,0.0012083462711423637
169,0.001303331018684225,0.0012428318336606026,0.001316237145429477,0.0012039618369191886
170,0.0013000064700221022,0.001186356428079307,0.0013098784123185196,0.0011988503225147725
171,0.0013043989777927183,0.001240256279706955,0.0013045719423590023,0.0012107195476070047
172,0.00133653525599382,0.0011658335058018566,0.00129901589609993,0.0012041356205940246
173,0.0013027422869991926,0.001153038372285664,0.0012954565706818056,0.001196201590076089
174,0.0012860522297624914,0.001139175621792674,0.0012898757067457258,0.001190084686689079
175,0.001311751468003624,0.001206736359745264,0.0012814190112726972,0.0011833309399895372
176,0.0012567537063215342,0.0011196927819401026,0.0012727338833372214,0.0011842502939514818
177,0.001241623899485502,0.0011114180972799659,0.001265550801649483,0.0011788506480865182
178,0.00127644449343077,0.0011828838661313056,0.0012577153454586452,0.001171720816101879
179,0.001267929088531269,0.0011360964365303516,0.0012515405836566872,0.0011723242153413595
180,0.0012343529715306229,0.0012391197262331844,0.001243811638875761,0.0011656906879507006
181,0.0012221606060241659,0.0011202543554827572,0.001236977122201481,0.0011612277523614465
182,0.001223139384140571,0.00110095483250916,0.001229544287625079,0.0011526180154643952
183,0.0012399811871970693,0.0016043119039386511,0.0012222142017291238,0.0011448686550371348
184,0.0012467919357327952,0.0010586759261786939,0.0012150659875944257,0.0011371666205115616
185,0.0012601338210515677,0.0010783501761034132,0.0012061302142942114,0.0011296451014466585
186,0.001205217945906851,0.0011477918131276965,0.0011973551386139458,0.0011247052069753409
187,0.0011674147792574432,0.0011124813999049367,0.0011888427083484,0.0011197411920875313
188,0.0011606093977267543,0.0012263178406283258,0.0011794342899901999,0.0011096949307247996
189,0.0011831434135739175,0.0010662711644545198,0.0011719357843303847,0.001103515349701047
190,0.0011456293744655946,0.0010830568615347147,0.001165918640471581,0.0010977729698643088
191,0.0011546456948336628,0.0012166450126096606,0.0011570324243874183,0.0010880717519670725
192,0.0011501505308681064,0.0010176664125174284,0.0011465231008517243,0.0010799720127135518
193,0.0011434881177006496,0.0010744768008589744,0.001137782165666835,0.0010677331691607834
194,0.0011175101542741889,0.0010275884112343192,0.0011295688733562,0.0010587088947184384
195,0.001116754322623213,0.0009926224173977972,0.0011203611664577491,0.0010532162665389479
196,0.0011256936244252655,0.0010477054165676236,0.0011102860206841595,0.0010246839622966946
197,0.0011131409234884713,0.000977795529179275,0.0011004186825412843,0.0010172752398066223
198,0.001083365394992547,0.0010295410105027258,0.0010895991277880966,0.0010104767519980669
199,0.0010732414731238452,0.0010150752495974302,0.0010799307454273932,0.0009985778322443364
200,0.0010765410090486209,0.0009555798256769777,0.0010705703921098674,0.000987820917367935
201,0.0010692910648261507,0.0009652032563462853,0.0010609863650157222,0.0009721458475105465
202,0.0010911953030154108,0.0009678586013615131,0.0010528111966119874,0.0009641235341317951
203,0.0010542890913267102,0.000940353418700397,0.0010428864443881645,0.0009534876830875874
204,0.0010051960001389185,0.0009336029551923275,0.0010327167482322291,0.0009369451151229442
205,0.0010158295919083886,0.0009331486374139786,0.0010224416980519893,0.0009289739031344653
206,0.0010168282982582848,0.0008946474944241345,0.0010131619777219991,0.0009289397904649377
207,0.0009929467116792997,0.0009636391280218959,0.0010034935305619404,0.000919441375695169
208,0.000988102542857329,0.0008910042978823185,0.000993372996772329,0.0009130067168734968
209,0.001000108482160916,0.0008734578639268875,0.0009821502133376067,0.0009016759863123299
210,0.0009896449522218771,0.000908387980889529,0.0009707567461869782,0.0008999420520849527
211,0.0009635083868892656,0.0008503188192844391,0.0009604735721420081,0.0008880014821887018
212,0.0009334059463193019,0.000843558527994901,0.0009512341779708447,0.0008769665325991811
213,0.000921008720373114,0.0008344410941936076,0.0009395553662803852,0.0008673726946115496
214,0.0009787642034805484,0.0008657133299857378,0.0009287571325122067,0.0008603789714165033
215,0.0008975105688700246,0.0008171605854295195,0.0009171213949047442,0.0008545671784318985
216,0.0009004032909352746,0.0008030808134935796,0.000905082406833147,0.0008459202667698265
217,0.0008932742763621111,0.0008183861128054559,0.0008948520131357427,0.0008355556108988822
218,0.0009114951094508999,0.0010736239841207863,0.0008845121186847488,0.0008277397503145039
219,0.000875798975272725,0.0007901280419901014,0.0008735119868690769,0.0008185445067472756
220,0.000863740977882925,0.000831755946855992,0.000863448597682226,0.0008157907956279815
221,0.0008451240385572115,0.0007644371525384485,0.0008524753104636653,0.0008064768292941151
222,0.0008283042447227571,0.0009344471734948456,0.0008411672329323159,0.0007995811258442698
223,0.0008262860438682967,0.0007310267630964518,0.0008281216947051385,0.0007878091729246079
224,0.0008422566188447592,0.0007392015098594129,0.0008156401527838574,0.0007808302213437855
225,0.0007845707167871296,0.0007157338759861886,0.0008045520527495278,0.0007703885180875658
226,0.0007993352206216918,0.0007903601764701307,0.0007927303980828986,0.0007600997704081237
227,0.0008003018628288474,0.0008225637767463923,0.0007785669038330929,0.0007502872079610826
228,0.0007533143895367781,0.0007241806271485984,0.0007678984120850346,0.0007413735243491829
229,0.0007494361577038136,0.000674486558418721,0.0007562761835598696,0.0007337741794995965
230,0.0007573322306335386,0.0007377521228045226,0.0007456715728984112,0.0007226764348335565
231,0.0007418250028664867,0.0006647664052434266,0.000733196538184873,0.0007024421875365079
232,0.0007413619820080283,0.0008947963500395417,0.0007213754715035774,0.0006925189848057926
233,0.0007137703623933097,0.0006581551395356655,0.000709797958072482,0.0006813019783701748
234,0.0007174065438771827,0.0007010652776807546,0.0006990371881518514,0.0006725769626442344
235,0.0006635064965424438,0.000614089157897979,0.000687785068644573,0.000659443617798388
236,0.0006514698388572368,0.0006758450297638773,0.0006766921318226701,0.0006493148955516517
237,0.0006562034454610612,0.0005825159465894103,0.0006646407901555197,0.0006418097062036395
238,0.0006254673537073864,0.0005772224022075534,0.0006550080543526242,0.0006324106738436967
239,0.0006246768472354032,0.0006203992688097059,0.0006434358757907629,0.0006204546054359524
240,0.0006307982751685712,0.0005943184951320291,0.0006319876433233731,0.0006072519753128289
241,0.0006098475778061483,0.0006130971922539175,0.0006209914057399146,0.0005958535341545938
242,0.0006281590098256452,0.0005409424961544573,0.0006100298787299027,0.000589157752180472
243,0.000599619241612446,0.000567767801694572,0.0005983067719252884,0.0005763993591535836
244,0.0005802723082403341,0.0005420479737222194,0.0005872611953294837,0.0005667580335401
245,0.0005743031421055396,0.0005513307859655469,0.0005758150890508357,0.0005483517608605325
246,0.0005761047905414469,0.000546311759389937,0.000564811471281832,0.0005412181648425759
247,0.0005470012570407966,0.0006061135523486882,0.0005536489384261789,0.0005288342147599906
248,0.0005489626233207269,0.00047780870692804456,0.0005439859737008293,0.0005195606622844934
249,0.0005409730771659977,0.0005515717761591077,0.0005342434788885939,0.0005077590452507138
250,0.0005437523217147423,0.0004807580669876188,0.0005248912126226868,0.0004992422523442656
251,0.0005100307565751589,0.0004914584662765265,0.0005159531527755058,0.0004947495478205382
252,0.0005140960511441032,0.000492498023668304,0.0005069241031163579,0.0004861068590544164
253,0.00047840844995031756,0.0004392195981927216,0.0004975057451662401,0.0004774251965340227
254,0.00047539798245351347,0.0005070920090656728,0.0004881792575625393,0.000467186113120988
255,0.000464254560518182,0.00041879229713231324,0.0004777406985651599,0.0004605542292818427
256,0.00046568558797136774,0.0004237332649063319,0.0004686096595509702,0.0004511558290105313
257,0.0004552093250418289,0.0004346395330503583,0.0004597759903938924,0.00044890263252891606
258,0.00043867991816821613,0.00047981523908674717,0.00045112054097699004,0.0004393893553875387
259,0.0004383432224858552,0.0003914665256161243,0.00044194765974275976,0.00042994692479260275
260,0.00042193237840870603,0.0003822503460105509,0.0004335442167655048,0.0004185216126497836
261,0.0004079074685513559,0.0003808046039193869,0.0004254297497811624,0.00041215299167670315
262,0.00042239678881338073,0.00036959612392820415,0.00041756089406812355,0.0004034714868757875
263,0.00040201585752786033,0.00046490478911437094,0.0004086185792254077,0.0003957317737862469
264,0.00039895060575670664,0.00040433204965665935,0.0004012353834075233,0.0003879948134999723
265,0.00039533932641562487,0.0003772769321221858,0.0003928494157890479,0.0003794796231668443
266,0.00037668538771362767,0.0003571201069280505,0.000386796364801315,0.0003738572290167213
267,0.00036719503489116,0.0003751454001758248,0.00038041753980020684,0.000364316968433559
268,0.00037134326625770577,0.0003328077949117869,0.0003748397800502264,0.000359190735546872
269,0.00035943057931338746,0.00048571806168183683,0.00036843342812628387,0.00035282860291190445
270,0.00035791690668298136,0.00031349885743111374,0.00036162155299809665,0.00034992009042762213
271,0.0003467827596856902,0.0003102509945165366,0.00035615170172467416,0.0003409565650392323
272,0.00033691518260942153,0.0003204807487782091,0.0003502117638450323,0.00033726781983859836
273,0.00034610094871216765,0.00031859318260103465,0.00034472255646768546,0.0003317678801715374
274,0.00034425168434002747,0.00033453415613621474,0.0003391077587277525,0.00032632736281957474
275,0.00032019445064684584,0.0002872652397491038,0.00033393984571513204,0.00032173148123547434
276,0.0003254508611280471,0.0002980344591196626,0.00032852484829102956,0.0003165259604342282
277,0.0003044468606822193,0.0002796182653401047,0.00032357140905482493,0.0003098489707801491
278,0.00032708217525699487,0.0002986597444396466,0.0003179763162896659,0.00030417815481778235
279,0.00031592735742580973,0.00026858549448661507,0.00031356941589878674,0.00030010639012325555
280,0.0003248105667686711,0.00029063647496514023,0.000309390994355393,0.00029459559239912783
281,0.00030552678987280364,0.0002646799490321428,0.0003043191570322961,0.0002906981710111723
282,0.0002849124468371479,0.0003619267209433019,0.000300109661797372,0.0002800241261953488
283,0.00030193363633265513,0.00025572710437700153,0.0002953578625650456,0.0002761609994107857
284,0.000289844775494809,0.0002992478956002742,0.00029191983561031523,0.00027390683414414517
285,0.00028470219397503467,0.00024475185433402657,0.0002887617892922005,0.00026980602929834276
286,0.00026753752505303256,0.0002447916701203212,0.00028475615581394063,0.0002655715562170371
287,0.00029319896349786883,0.00025469908432569356,0.00028101743271884816,0.0002607671571196988
288,0.00026664092192529805,0.0003347667690832168,0.00027754976300574423,0.0002581533611053601
289,0.00027511462485159025,0.00023740730830468237,0.00027382661783550353,0.0002543113372754305
290,0.00025546200728664793,0.00023550653306301684,0.000271000666049723,0.0002524429697310552
291,0.000266512877941649,0.0002553259895648807,0.00026683125683468664,0.0002494307719171047
292,0.00026273449630631753,0.00023737545707263051,0.0002626367488074013,0.0002466785036260262
293,0.0002445473331802835,0.00023537226021289826,0.0002588041691575199,0.0002428456404013559
294,0.000254193198440286,0.00021886694128625094,0.0002554975086848976,0.00024006577595137062
295,0.0002391219258748202,0.0002169206878170371,0.0002533108983188868,0.00023321920586749913
296,0.0002608320858174314,0.00025389686285052447,0.0002504850774977563,0.00023136011650785808
297,0.0002579640246565557,0.00021796062763314693,0.00024785602373691897,0.0002273155808448792
298,0.0002459601117556708,0.00021273135556839406,0.00024438804889149546,0.00022625286218244585
299,0.00025078360696271476,0.00021442417870275675,0.00024198915751055916,0.00022400733269751073
300,0.0002335027078192474,0.00022192033939063548,0.0002381770137658653,0.00022236895731184635
301,0.00023237223187202796,0.00020198386337142438,0.0002355712069683553,0.00021707761215511713
302,0.00023379806603770703,0.0002329090767307207,0.00023273865995061997,0.0002148792526451871
303,0.00022284694488108571,0.00022335479909088462,0.00023020054315954136,0.0002127848604228348
304,0.0002110646567436763,0.00019977878720965237,0.00022747081805395687,0.00021029347619041803
305,0.00022899607552163718,0.00019481489434838294,0.00022478572472528968,0.00020878751969430597
306,0.00022286027805724492,0.00019518333778250962,0.0002234087862236063,0.00020639558637049053
307,0.00023024718768687713,0.0001907624688465148,0.00022143191137519248,0.0002048908441560343
308,0.00023128811580439408,0.00020924987038597464,0.00021946282874495305,0.0002035135980695486
309,0.00022411843147387522,0.000198134504025802,0.00021674171343588058,0.000200234272191301
310,0.00019800282283944802,0.00021818388777319341,0.00021388839481126826,0.000198864426300861
311,0.00020756524052962453,0.00018865343299694358,0.00021171526183607053,0.00019740745835006242
312,0.0001978953698805223,0.00021373969968408347,0.00020974095653768422,0.00019558485823217777
313,0.00020149575198754772,0.00020248314016498625,0.00020810086933973558,0.00019370609724428506
314,0.0002043009494082071,0.000182448320556432,0.0002065897271515698,0.0001924767319811508
315,0.00019200908750968262,0.00018314672750420867,0.00020445901450649316,0.00018999123242683709
316,0.00019826975030203661,0.00019304138375446202,0.00020282774552599423,0.00018785637526307251
317,0.00019560716308963794,0.00019972654466982932,0.000202547307472883,0.00018888775967061517
318,0.00021012387063819914,0.00017557392711751164,0.00020040640392495943,0.00018799239483196289
319,0.00020477132722994106,0.00018124838592484594,0.00019856677856555004,0.00018659270764328538
320,0.00018989486011883452,0.000182489535654895,0.0001968958194729769,0.00018559941675048319
321,0.00019280420309062012,0.000171913715894334,0.00019463672557224832,0.0001836595600005239
322,0.00018663105904124678,0.00018371448037214578,0.00019295701324137762,0.00018362585976719852
323,0.0001916317873757281,0.0001763071567984298,0.00019208573713614093,0.00018187494720332324
324,0.00020142597450305605,0.00016885917575564234,0.00019099667675068815,0.00018067568107508125
325,0.00019250052787053089,0.00017495131469331683,0.00019007064897256595,0.00017887270478531722
326,0.00019459367716788417,0.00017124973179306836,0.0001888768336289407,0.00017952476998325443
327,0.0001805302499107913,0.00017077158787287772,0.00018750723171655814,0.00017839231123216456
328,0.00018206522036861214,0.00016998336999677122,0.00018654452971014608,0.00017750030553434048
329,0.00020405370541589542,0.00022556339739821852,0.000185720695417452,0.00017618255096022047
330,0.0001754734868235472,0.00017243077338207512,0.00018474824269392736,0.00017654256550595168
331,0.0001768696440720103,0.0001601911580655724,0.00018375390856074065,0.00017574634852353486
332,0.00018847321037254814,0.00016593019652646034,0.00018193121113128856,0.0001745131896575913
333,0.00017481076828618016,0.0001607534516369924,0.00018171546802299822,0.0001738946724915877
334,0.00018212562320210661,0.00019729199819266797,0.00018049425013143467,0.0001751996192149818
335,0.0001762209202085311,0.0001744110736763105,0.00017990499494998304,0.00017459289170801642
336,0.00018033873089330478,0.0001586717797908932,0.00017910004004629122,0.00017577944241929801
337,0.00017474467542746827,0.0001686652924399823,0.00017778269393731738,0.00017523060028906917
338,0.00017165036839691716,0.00021878477011341602,0.00017684787903239743,0.00017460148446261884
339,0.00017006090159864268,0.00015413685177918525,0.00017547952310156283,0.00017370249209925536
340,0.0001679415373493814,0.00016084658505860716,0.00017476618675152874,0.0001730549202533439
341,0.00017767389298468415,0.00016009751940146088,0.00017423492014511592,0.0001729062174446881
342,0.00017129584500152203,0.00020872690831311047,0.0001727649718231987,0.00016965622669085862
343,0.00018526551730853194,0.0001556685025570914,0.00017202584382030182,0.00016890389532782138
344,0.00015920389149363877,0.00015041941427625715,0.00017118404658912268,0.00016828267648816107
345,0.00018450128241157573,0.00016702660650480539,0.00016979143350294584,0.00016974953014869243
346,0.00016227375580153117,0.00020453738397918642,0.0001702608803080188,0.00016948075301479547
347,0.00017189967950495582,0.0001685462926980108,0.00016903873963617822,0.00016739661861211061
348,0.00017150791478343308,0.00020597092458046973,0.0001688100675082145,0.00017215047592762856
349,0.0001684923217787097,0.00015513812249992042,0.00016847384554825518,0.00017275715556461363
350,0.00016913015524753266,0.0001592234190320596,0.00016864065920623638,0.00017284894548356532
351,0.0001603847788970193,0.00014877492270898074,0.00016827777520261913,0.0001726409018039703
352,0.00016269684115993895,0.00015458229172509163,0.00016773709931488457,0.0001721232512500137
353,0.00016878355520829144,0.00016626579978037625,0.000167009398752513,0.0001719982096925378
354,0.00016730499736796546,0.00014431362855248152,0.00016624269117989263,0.000173084340011701
355,0.0001569952867511246,0.00015362248930614442,0.00016674509691074485,0.0001714108549756929
356,0.00015582471329253167,0.00014466068707406522,0.00016556311997119335,0.00017220706539228557
357,0.0001536578832181274,0.0002026015380397439,0.00016522899743350635,0.0001722642797511071
358,0.00018654693841300388,0.00015403402328956873,0.00016378902769906238,0.00017110122928861528
359,0.00015157210640609264,0.00014518863812554628,0.0001630356297931737,0.00016841146678198127
360,0.00017050411700943692,0.0002932575065642595,0.00016298743614461274,0.00016871228802483527
361,0.00017193318189432223,0.00017383877071551978,0.00016243049159206244,0.0001671425343491137
362,0.0001789150168769993,0.00017096004041377454,0.00016158778332044473,0.00016731604973319918
363,0.00016257826830648508,0.00021358367812354117,0.0001606139483654665,0.0001663684538565576
364,0.00015654400440527955,0.00014119558793026954,0.00015989920608569972,0.00016584234295878556
365,0.00014974902329009234,0.00015772054612170905,0.00015927336814412335,0.00016600601663812996
366,0.0001585062036691751,0.00018725077738054096,0.0001588394521884362,0.00016550187037792053
367,0.00018385598827282793,0.00016688978241290896,0.00015824729170805466,0.00016518911158200353
368,0.00015571609381974364,0.00017557376297190784,0.000159028951671078,0.00016501246087718757
369,0.00015085082805146359,0.00015184977324679495,0.00015845700237486095,0.00016507664409000426
370,0.00014850203905047643,0.00013795034494251012,0.00015847729486283952,0.0001623643460683525
371,0.00014343880815431475,0.00013729332131333648,0.0001570048999280617,0.000161916841682978
372,0.0001706948382909306,0.00017606682376936078,0.00015712151691227015,0.00016145688372198495
373,0.0001575843009696756,0.0001667270826874301,0.00015709333971285054,0.00015496822767890992
374,0.00014742461498826743,0.00015947600710205733,0.00015621894998669935,0.00015329914109315723
375,0.00014478428137307573,0.00013553352211602033,0.00015534525577871438,0.00015167713889386504
376,0.0001425162219028506,0.00013562215026468037,0.00015498373674345206,0.00014845952158793805
377,0.00014705089262052854,0.00015867413370870053,0.0001542417095075103,0.00014952316265553237
378,0.00015793565631611273,0.00015366214327514172,0.0001538634003780317,0.00014877912325318902
379,0.0001525009853584278,0.00013649465865455567,0.00015397880585644295,0.00014674678554292767
380,0.00017653678582670788,0.00014920622168574483,0.00015225232917647294,0.000146118591632694
381,0.0001415259808871067,0.0001462652673944831,0.00015161764228703562,0.00014442678305786103
382,0.00015416519541759045,0.0001347940874984488,0.0001515141332114581,0.00014461325311567635
383,0.0001497370650435591,0.00014284641365520657,0.00015113797883128024,0.0001473004724131897
384,0.00015448753101130326,0.00013368968910072,0.00015153755725607173,0.000148726482829079
385,0.00016979968702394722,0.0001310411054873839,0.00015054885902661934,0.00014681834264192729
386,0.00015007343874054238,0.00013211160607170313,0.0001498023742363633,0.0001455489572836086
387,0.00015707266167737542,0.00013040998543147,0.00015008563042760622,0.00014448935561813412
388,0.0001535402924249259,0.00013314324547536671,0.0001497681049054437,0.00014513586652465163
389,0.0001379933235067357,0.00016778661462012678,0.00014946992593856218,0.00014492955645546316
390,0.0001402912950531269,0.00013911956106312572,0.00014979530141895844,0.00014582150003407152
391,0.00016139134062945635,0.00013644233462400734,0.0001496228912638293,0.00014766042660921812
392,0.00014069407127357812,0.00015118493465706706,0.00014912241655531234,0.00014745006072334945
393,0.0001398489215838102,0.00013327854860108345,0.00014781850663906273,0.0001469489428214729
394,0.00014826310116202674,0.00015651152469217777,0.00014778012828578033,0.0001470851340563968
395,0.00013909817954602962,0.00020513082738034426,0.00014704623383456943,0.00014673611880280075
396,0.00015342826877410212,0.00017294358171056955,0.00014702623279234912,0.00014808904209639875
397,0.00014597738255462092,0.00012836331909056752,0.00014627681452871507,0.00014774710142519324
398,0.0001389221812132746,0.00013499244872946291,0.00014525582260361666,0.000148613520571962
399,0.00015450601976933992,0.0001329859654651955,0.00014475784149965167,0.00015003097504377364
400,0.0001368461433190128,0.00015169629477895796,0.00014487457848736087,0.0001499385388568044
401,0.0001350617477308131,0.00013046439853496848,0.00014416279363277783,0.00014968275555875154
402,0.000155185279630435,0.0001809727231739089,0.00014426944950375603,0.0001495616232743487
403,0.0001536254024378852,0.00019963530765380712,0.00014456799574545583,0.00014913292815908793
404,0.00013998911764550334,0.00013123551150783896,0.00014342127709274385,0.00014973383347969502
405,0.00014393903792046735,0.0001366782741388306,0.00014339343072755983,0.00014889887347817419
406,0.00014056652205504685,0.00014967004826758057,0.00014325463490935767,0.00014860813242848959
407,0.00013581783413731805,0.0001260687061585486,0.00014257878667946596,0.00014895002190023658
408,0.00014923703898805091,0.00017666949599515647,0.00014248536345742957,0.00014573078270768746
409,0.0001357520744204521,0.00012514117232058198,0.0001424163610771454,0.00014368001174880192
410,0.00014427488889648683,0.00015270158415660263,0.00014181428060983307,0.00014367180367698897
411,0.00013762391114141792,0.00016754796786699444,0.00014182588761840534,0.00014316037308890377
412,0.0001599910863701047,0.00012809908075723798,0.00014102204920814578,0.00014331258527236065
413,0.00013574567106035021,0.00012674866302404554,0.00014098038724688294,0.00014229424066143114
414,0.00014065972028119077,0.0001647583075100556,0.0001409748921862855,0.00014232439611805607
415,0.00014775495109562245,0.00012840218318160623,0.00014015665312439927,0.00014001440719002862
416,0.000132723374311657,0.0001514649676391855,0.00014010709204206553,0.00013867229841416705
417,0.000139997912143978,0.00013031093461904675,0.00013981310883989662,0.000139558795618359
418,0.00013637902612875525,0.00012601002235896886,0.00013958511124494383,0.00013891334950458259
419,0.00013136689541473363,0.0001650587614858523,0.00013955658053617096,0.00013852043241495266
420,0.00013676259899511934,0.0001246498475666158,0.00013990185367098698,0.000139133638178464
421,0.00015170320926699788,0.0001216743077384308,0.00013934773180970095,0.0001370073307887651
422,0.00013092537087181375,0.00012815811729524284,0.0001397672278327971,0.00013710534221027048
423,0.00013921235642758094,0.00012220668402733282,0.00013912763717170392,0.00013577872166642922
424,0.00013441005951285155,0.00013679127005161718,0.0001390313614754834,0.0001347863267059438
425,0.00013580459428744182,0.00012623767950572072,0.00013849741577416557,0.0001346826095948927
426,0.00013492437121587702,0.00013121828495059164,0.00013846535530238826,0.00013573959694476799
427,0.00013472930308327906,0.00012322299997322261,0.00013813659693825885,0.00013390897397184745
428,0.00015238637537954167,0.00016608258825726808,0.00013728524556629257,0.0001355580331175588
429,0.0001326395375912802,0.00015339794161263852,0.0001373412847305493,0.0001342414179467596
430,0.00013823909804664759,0.00012054212129442021,0.00013678867084672674,0.0001349721341277473
431,0.00013985325433572547,0.00013984712102683262,0.00013720567677195906,0.00013557823586743327
432,0.00014444966250771863,0.00014139885024633259,0.00013723613855416057,0.00013369203297188508
433,0.0001353839924558997,0.0001235118112526834,0.00013680662380906547,0.00013358142925426364
434,0.0001462394749978557,0.00012759145785821603,0.00013579165049272383,0.00013557965855579826
435,0.00012828512236915735,0.0001195360705605708,0.00013591651228683378,0.00013609196466859432
436,0.0001352170187359055,0.00014273809385485946,0.00013546345139944202,0.00013602131074294448
437,0.00014664244383715818,0.0001255061529809609,0.00013551139436701002,0.00013547114627435804
438,0.00013494415926591804,0.0001531733467709273,0.00013517031993833371,0.0001352041049511172
439,0.00013244076117795582,0.00011899273318704218,0.00013493671721015641,0.00013468889868818227
440,0.0001264711667964649,0.0001696286618243903,0.00013483267338726564,0.00013460318095749247
441,0.00013412435341807498,0.00011854958836920559,0.0001339296898254866,0.00013324072393588722
442,0.0001261825650484146,0.00014857883914373815,0.00013424352421910346,0.00013318867387715727
443,0.0001468041742595637,0.00014116256585111842,0.0001342132059181394,0.00013293525342596694
444,0.00013212843996977122,0.00011790368909714744,0.0001337988958522652,0.0001321346117532812
445,0.00012602473036774125,0.00012188475462608039,0.00013349498330078659,0.0001310618093586527
446,0.0001263288763584569,0.00017163004027679563,0.0001333839075267962,0.00013076001262525097
447,0.0001340469157245631,0.00014096577011514456,0.00013258140011231364,0.0001302320784307085
448,0.0001278858342427864,0.00012044033588608727,0.000132379211749584,0.00013042871954385192
449,0.00013560863370205172,0.00012303715833695606,0.00013274590962521164,0.0001295148417702876
450,0.0001272777335705339,0.00011956164642469958,0.00013202412321794933,0.00012899750599171966
451,0.00012908430301144513,0.0001183381283772178,0.00013180578635947315,0.00012780747219221663
452,0.00013212820751100986,0.00012108005670597776,0.00013158118467512797,0.0001294553112471476
453,0.00012981178633506514,0.0001320211627171375,0.00013157729814572828,0.00012745657718041912
454,0.00014048539743170195,0.00015209669014438988,0.00013130964470296427,0.0001273005770985037
455,0.000137481140522545,0.00011420661001466215,0.00013141516506342063,0.00012585216306615623
456,0.00012949550268887025,0.00011983107920968904,0.00013059564683515215,0.00012504311221418903
457,0.00013685184872075398,0.00011457879038061946,0.00013071566559471348,0.00012504192909691483
458,0.00013260709810613964,0.00011596689291764051,0.00013057972524644962,0.00012481685901293533
459,0.0001261767896357924,0.00011439310299465432,0.00013057564238778366,0.00012298122617648917
460,0.00012323041330091655,0.00012445209838915616,0.0001302242738954697,0.00012189607919426638
461,0.00014438446562659615,0.00011989114951575174,0.0001300032636483795,0.00012161399902543054
462,0.00012859778365560082,0.0001125727585167624,0.0001298436636968594,0.00012116624808404595
463,0.000129485737804013,0.00012342250178335235,0.0001304728279727796,0.00012328677012119442
464,0.00012682571906932734,0.00016018870956031607,0.00013114349356975358,0.0001247853283537552
465,0.0001263740035614723,0.00011966031015617773,0.00013065931335214478,0.00012436946989037099
466,0.0001274330173489741,0.00011464958632132039,0.00013054805407526954,0.00012403132212348281
467,0.00012882057405982374,0.00011236848833505064,0.00012994451666988122,0.00012249507236992938
468,0.00012631621855285226,0.00012093629455193877,0.00012934400199382152,0.0001265978178824298
469,0.00013512890895880345,0.00011787411116529256,0.00012930300808058947,0.00013092177086509763
470,0.0001226262216611455,0.00011625800252659246,0.00012917849546971005,0.00013199674033094195
471,0.00012622680489180816,0.00012573921936564147,0.000129029969467471,0.0001322280720341951
472,0.00012526270341671383,0.00011383709555957466,0.00012905948394521447,0.00013206374633591624
473,0.0001223605780655311,0.0001133883316651918,0.0001294116403416006,0.00013168067752849312
474,0.00013161863491404803,0.00011184338480234146,0.00012859105204309648,0.0001352284575230442
475,0.00014300684046853954,0.00017257469735341147,0.00012873378410262779,0.00013585137140471488
476,0.0001458509429357946,0.00015580208419123663,0.00012873072332909535,0.00013531517591327432
477,0.00012002370207078962,0.0001106835951213725,0.00012952363978062443,0.00013365574002964422
478,0.00012703030441318534,0.00012356746854493394,0.00013042192690255534,0.00013683463438646866
479,0.00012539696229699377,0.00011369044630555437,0.00013033841631064812,0.0001366513958782889
480,0.0001224682736210525,0.00021677524782717227,0.00013014857434383073,0.0001377860926440917
481,0.0001284706548580693,0.0002279299037763849,0.000130121086634204,0.00013730773741845042
482,0.00013373903344876856,0.0001414530270267278,0.00012959192641428673,0.0001385880404151976
483,0.0001288939480501641,0.00012175018549896777,0.00012979410842203328,0.00013886599994730205
484,0.0001269146515793788,0.00011028496053768322,0.00012947935407088757,0.00013964362831320613
485,0.00013203432321056931,0.00011487537820357829,0.00012946059799869543,0.00014068663470679895
486,0.00012386975816399272,0.00020858564937952905,0.00012937650409488316,0.0001416613983921707
487,0.00013216608514388402,0.0001281456055585295,0.00012877512609961233,0.00014160940571455286
488,0.0001294092184657024,0.0001100176144973375,0.00012848299952392052,0.00013990976354107262
489,0.00014664863035755439,0.00011870281246956438,0.00012769116341951304,0.0001382636324968189
490,0.00014883118160974443,0.00019913266907678917,0.0001278816704683575,0.00013872074151877317
491,0.0001253452525512936,0.00011006862361682579,0.00012775171183295446,0.0001382030985085294
492,0.00012407452488938966,0.00014073590748012066,0.00012760620294979564,0.0001379968833993189
493,0.0001256290258121832,0.00010897741391090677,0.00012785468090700707,0.00013542996979085727
494,0.00012189990346087143,0.00014988168608397244,0.0001275123089804159,0.00013068772975821045
495,0.00012768077185480958,0.00012320699082920327,0.00012707619764906766,0.0001297164670540951
496,0.00011835794611316589,0.0001451799285132438,0.00012695811351101532,0.00012933447796385734
497,0.00012479380161191026,0.0001399122553993948,0.00012697717268537315,0.00012948385918280108
498,0.00012025823047022439,0.00013775742379948497,0.00012657053205637365,0.00012945627432782206
499,0.00011658418503227747,0.000110543567861896,0.00012696803526034476,0.00012548052554484457
500,0.00013570367607624375,0.00013008364301640542,0.00012635186161755378,0.00012671340481610967
501,0.00012605504032560727,0.00011464880808489397,0.00012619425187003797,0.00012692440766841172
502,0.0001247863782919012,0.00012211132067022846,0.00012504951942699132,0.00012708918923744932
503,0.00012378133852810908,0.00011062639328883961,0.00012412764376042306,0.00012395385355921463
504,0.00012175924021802429,0.00010853506857529283,0.0001239847858429938,0.00012391471369192005
505,0.00012868022255133838,0.0001526024076156318,0.0001240548579429742,0.00012461765242042022
506,0.00011991135669328893,0.00010937390296021476,0.00012423818762698726,0.00012622925695031882
507,0.00012283625016506347,0.00011717145942384377,0.00012430240105734103,0.0001253857334610075
508,0.00012594184459885583,0.00011220045824302361,0.00012434075332971083,0.0001253610997577198
509,0.00012739113093832404,0.00011401949101127684,0.0001244122703960683,0.0001243396297795698
510,0.00012186830748558148,0.00011418575682910159,0.0001243407967927245,0.00012320598239311947
511,0.00013380733826327034,0.00010919192980509252,0.00012469518666750648,0.0001222087295958772
512,0.00011676174407410953,0.00015896758734015748,0.00012461556217296878,0.0001222412264207378
513,0.0001254689747778078,0.0001152926858048886,0.00012375500449367488,0.00012159161646850407
514,0.00011803031928138808,0.00012282235169550404,0.00012330095152525853,0.0001214503468712792
515,0.00012578428994553784,0.00012074927712092176,0.00012312375605365053,0.00012249147971160712
516,0.00012177380461556217,0.0001090901269344613,0.0001228726642477947,0.00012223980942508206
517,0.0001258263273888992,0.0001583093756926246,0.00012283025855819383,0.00012242027267348024
518,0.00013021226791251037,0.0001492675271583721,0.0001232250334850202,0.00012112441122299061
519,0.0001235052392197152,0.00012879359885118903,0.00012325038622366266,0.00012109646202297882
520,0.00012863957866405447,0.000122591148247011,0.00012292634832685709,0.0001209943782654591
521,0.00012014587277210214,0.00011964317905949429,0.00012259704791746723,0.00012171257319860161
522,0.00012300696152831532,0.00011157107073813676,0.00012209351455741045,0.00012140593681251631
523,0.00012911797733977437,0.00011282610386842862,0.00012208631765162054,0.00012205177787691355
524,0.0001145935726688347,0.00011135598848341033,0.00012158402771908894,0.0001229857892729342
525,0.00011418973409389663,0.00011384339421056212,0.0001216691487966778,0.00012094753512647004
526,0.0001147037161151982,0.0001111170681542717,0.00012126075005249327,0.00012251351452432574
527,0.00012035649150170179,0.00014813964167842642,0.00012160013194726263,0.00012206517626764252
528,0.00011750404338171291,0.00010433463612571358,0.00012135279039115025,0.0001213740588282235
529,0.00012069909797800291,0.0001130466497852467,0.00012156939798280494,0.00012591263715876265
530,0.00013854959572199733,0.00012020587135339156,0.00012166936179791165,0.00012603091552155092
531,0.00012054517515935004,0.00010867517295992001,0.00012153243463318277,0.00012480889552971347
532,0.00011473530274492481,0.00011461936548585073,0.00012157313728692113,0.00012491240587551148
533,0.00011770933436410916,0.00013015533157158642,0.0001212820009179672,0.00012431140771368518
534,0.0001148027969369044,0.0001063535813591443,0.00012170862510683945,0.00012364242877811195
535,0.00012168838484083406,0.00013033178343903275,0.00012192542062645466,0.00012337748338468372
536,0.00012125008994997997,0.0001325422147056088,0.0001212832383688591,0.00012301381006836893
537,0.0001188897710138311,0.00010801123367855325,0.00012118771960570786,0.00012332461643964053
538,0.0001152590061731947,0.00015444217075128108,0.00012167978315200242,0.00012301060234894977
539,0.00012651486665062191,0.00011161389527842403,0.00012151230151066555,0.00012469926987541838
540,0.0001196007510427282,0.00010347134113544598,0.00012120530281875593,0.0001232417954830453
541,0.00012718899440692944,0.00022255458519794048,0.00012113708975957705,0.00012325661199865865
542,0.0001283254227665667,0.0001612663347623311,0.00012114899039087403,0.0001232205825857818
543,0.00012678908879428896,0.00011871702736243606,0.00011998463756818738,0.0001229333921568468
544,0.00012452280556317418,0.00013138135749613867,0.00012039683042352812,0.00012279162434861062
545,0.00012136116944020613,0.00010756619420135394,0.00012071136308174271,0.000122556653781794
546,0.00013081147749390866,0.00010291870567016303,0.00012055308300574931,0.00012248364270199088
547,0.00012842684951869563,0.0001049474359024316,0.00012108587318863203,0.00012304098117165267
548,0.00011306342089988498,0.00010373427096055821,0.00012120869095217333,0.00012213016657624393
549,0.00011220560359005402,0.00011912614776520059,0.00012102562527418033,0.00012168913102941587
550,0.00012649132275126046,0.00010599304194329306,0.00012084121699638975,0.00012174264140194283
551,0.00011051667508177666,0.00015333375631598756,0.00012112376512248173,0.00012009362183744088
552,0.00011268152420396089,0.00011170278186909854,0.00012054864317890153,0.00012071806131862104
553,0.00011579871690224131,0.00010470504901604726,0.00012051107957635798,0.0001209354467340745
554,0.00012099661376042705,0.00011214591446332633,0.00011999456219750249,0.00011616353007266299
555,0.00010944077515483109,0.00011302611063001677,0.00011936866596095367,0.00011389955368358642
556,0.0001308499965428685,0.00010513097775401548,0.00011890874577026502,0.00011438846599776298
557,0.00012259861920028926,0.00010874510131543502,0.00011827279082046718,0.00011323507046326995
558,0.00011375233246427443,0.0001283300545765087,0.00011783841120324925,0.00011295679785544054
559,0.00012812255150897222,0.00012028704310068861,0.00011713676414931088,0.00011431128326803445
560,0.00012475882892936676,0.0001075614185538143,0.00011730634987858744,0.00011439140539150685
561,0.00011667344800015497,0.00012151632603490725,0.00011719730580872339,0.0001143047656631097
562,0.00011427956406906661,0.00010934899299172685,0.00011720489886679896,0.00011523461927426978
563,0.00012232270932549402,0.00011321668163873255,0.00011664551878283319,0.00011500924432184547
564,0.00011213681806111708,0.00012722488230792805,0.00011675962387493604,0.0001154518631985411
565,0.00011866166097913972,0.00010890597652178257,0.00011728779435701047,0.00011776856316719204
566,0.00011427605993554203,0.00010325666866265238,0.00011746305298163658,0.00011832123108324594
567,0.00011267801685284617,0.00010466692503541708,0.00011729266536551425,0.0001179808824963402
568,0.00011529108402707304,0.00013093983521685006,0.00011740471098778976,0.0001189124407188501
569,0.0001086239318182278,0.00010254646913381294,0.00011754442515989972,0.00011948581132455727
570,0.00011050167900975793,0.00010060937900561839,0.00011696185803351302,0.00011908732242300173
571,0.0001132703011454497,0.00013678084098501131,0.00011711303929461993,0.00011853272679145445
572,0.0001326664927506095,0.00010695048898924142,0.00011689989842448591,0.00011814055092399936
573,0.00011033731915328342,0.00010156827775062994,0.00011626193350465555,0.0001189773026970215
574,0.00011239543004194274,0.00014237248804420234,0.00011627120322082191,0.00011887961324537172
575,0.0001125068206521165,0.00010035866813268513,0.000116156580468588,0.00011845686932792886
576,0.00011336930238434837,0.00016439922823337837,0.00011626339934947384,0.00012290880900109186
577,0.00012588578625582158,0.00016962028108537198,0.00011714070121266155,0.00012349024252034725
578,0.00012018018251789424,0.00011852174691739492,0.00011669868922068011,0.00012306093587540092
579,0.00011673692335736834,0.00010363719979068264,0.00011642093668407243,0.00012386339525692164
580,0.00011224191571171912,0.00013631506619276478,0.00011647017576809351,0.00012704034785274417
581,0.00013434285084561756,0.0001194652428966947,0.00011662617512952745,0.0001275316435378045
582,0.00010803444104062186,9.878287877654657e-05,0.0001169640310910634,0.00012743031418649482
583,0.00011753186399194722,0.0001144651637878269,0.00011705188342538249,0.00012738451572367923
584,0.00012279402975562132,0.00011048264641431161,0.00011699008218517216,0.00012586304052965717
585,0.00010880970593360771,0.00012848021287936717,0.00011624542433936666,0.0001266874826978892
586,0.00011690519090431432,0.00011907408974366262,0.00011640052334146781,0.00012651069629937412
587,0.00011141399526321846,9.878039505565538e-05,0.00011672398211926015,0.00012564440672285855
588,0.00012499318134764003,0.00022451517346780748,0.00011659452184879533,0.00012559862548951062
589,0.00013406936464081,0.0001417607202893123,0.00011670010188956642,0.00012403432179708035
590,0.0001076113611796043,9.817331039812415e-05,0.00011631363265397442,0.00012119991605868563
591,0.00010733224652034955,0.0001233181532006711,0.00011623482522748723,0.00012055064065498302
592,0.00011390899395337328,0.0001840907399309799,0.00011596152909397562,0.00012031714083277621
593,0.00011919106806292095,0.0001432222273433581,0.00011591674623260688,0.00011910786681692116
594,0.00011707033085662664,0.00010001323535107076,0.00011484825762842472,0.00011839728443301283
595,0.00011269798736773535,9.946441743522882e-05,0.00011490709695887443,0.00011846191419172101
596,0.00011172527014019174,9.874396113445982e-05,0.00011499445054731849,0.0001209076070401352
597,0.00011405004660547193,0.00012756154319504276,0.00011473601783185992,0.00012081371726235376
598,0.00011421479420581212,9.71486177877523e-05,0.00011479853368881677,0.00011961274842033163
599,0.0001204818994867512,0.00012071524863131344,0.00011447067024742463,0.0001191064713464584
600,0.00010927031389049564,9.921413729898631e-05,0.0001146583781493569,0.00011901712448452597
601,0.00011600880340362588,0.00012529163592262194,0.00011398924859305326,0.00011773410726455039
602,0.00011622405536602148,9.876013762550429e-05,0.00011298664095229469,0.00011762359631829895
603,0.00011820999685571426,0.00010228986182482914,0.00011306816484041825,0.00011958333552465775
604,0.00010990452001957843,9.779970423551276e-05,0.00011347470658753688,0.00012149110909667797
605,0.00011112234417750087,0.00010608321579638869,0.00011309183829257056,0.0001181895226414781
606,0.00010763063574106329,0.00010170068329898641,0.00011278871748622299,0.00011632771441363731
607,0.00010950542430186437,0.00010039862274425105,0.00011252886634708072,0.00011623261353815906
608,0.00011971570370304916,0.00017560748499818147,0.00011252709042293845,0.00012139467864180914
609,0.0001163332118691566,0.00010813540196977556,0.00011298756211375196,0.0001229198746092152
610,0.00011037260235752911,9.845599182881415e-05,0.00011294218045659361,0.00012190685574314554
611,0.00010870860486951036,0.00010641716289683245,0.00011266136835846635,0.00012222362636239264
612,0.00011610669281152594,9.654672350734473e-05,0.00011237104469263512,0.00012121727933990767
613,0.0001082649424400491,0.0001924397429684177,0.00011258721452646163,0.00012116832992178388
614,0.00010900417362184574,0.000138997946633026,0.00011268815085705785,0.00012003007280291057
615,0.0001096494583826926,0.00014716679055709392,0.00011250361378640972,0.00012031196659081613
616,0.00011749579019831597,0.0001710124925011769,0.00011227304056066916,0.00012161571740289219
617,0.0001043372865792157,0.00010155107855098323,0.00011238534038744143,0.00012162077245302497
618,0.00011161304790423149,9.667702164733782e-05,0.00011250171040365887,0.00012119289005640895
619,0.0001105740523780696,9.763571346411481e-05,0.000112401444842625,0.00012372292213840412
620,0.00011265358926417927,0.00022851604502648114,0.00011227683174786056,0.00012397694995161144
621,0.00012323706241052908,0.0001368738603196107,0.00011214678297724782,0.00012321095395600423
622,0.00011291550517651356,0.00010223607154330238,0.00011181808922103503,0.00012277456959709527
623,0.0001071944917526303,0.00010506788326893002,0.00011164908052435041,0.0001230873099528253
624,0.00011322380784097024,9.555657306918875e-05,0.0001117806779867452,0.00012675505424267612
625,0.0001146745597361587,9.799040184589102e-05,0.00011179059400326675,0.00012666952524450608
626,0.00011853221166853068,9.683520795078949e-05,0.00011180139461583973,0.0001231197195185814
627,0.00011161062859981838,0.00010580748232314364,0.00011158368069187012,0.00012157233806210569
628,0.0001124456662122005,0.00013488363212672992,0.00011132230669285894,0.00011974823657074011
629,0.000112712015688885,9.792608048883266e-05,0.00011109963199447113,0.00011880620292504317
630,0.00011403159458293683,9.538615588098764e-05,0.00011108419580139323,0.00011851060757762752
631,0.00010512399671521659,0.0001649514853488654,0.00011080075507246267,0.00011843169084168039
632,0.00010639009693275309,0.000106749318074435,0.00011085146179668501,0.00011845696728560142
633,0.000116464484437731,0.0001564575851080008,0.000110808687271007,0.00011316421009250916
634,0.00010811586796383683,9.722579299705103e-05,0.0001104352410843906,0.00011155224941321648
635,0.00010614738494041376,0.00010627450072206557,0.00011030626256510408,0.00011150802319752984
636,0.00011199854142938016,0.00019811077014310287,0.00011027768585546354,0.00011105734829907306
637,0.00011635459322456477,9.440849855309352e-05,0.00011030239918101062,0.0001112477176997345
638,0.00010853495775437397,0.00010369459982030093,0.00011046806699466996,0.00011110764466575346
639,0.00010356132552260532,0.00010031341022113338,0.0001101554884821073,0.00011588200317346488
640,0.00010311510840741296,0.00010156425327295437,0.00011013372022813809,0.00011583226794027721
641,0.00011192892273862122,0.00014746165135875344,0.00011020355465007015,0.00011438501527882178
642,0.00010395138175226747,9.416119486559182e-05,0.00010969241896139769,0.00011433753779856486
643,0.00010452702968096775,9.470410324865952e-05,0.00010930381801251014,0.00011643788344226774
644,0.000111841720483628,9.826762456214056e-05,0.000109365375094866,0.00011352517537306993
645,0.00011158422612222947,9.619711519917473e-05,0.00010955676036149575,0.00011356666565407066
646,0.00011390090774511919,9.657484333729372e-05,0.00010948238135800543,0.00011203099346021189
647,0.00010969104219434989,0.00010113041615113616,0.00010947158297025858,0.00011408972952049224
648,0.00010648007401161724,9.380101080751046e-05,0.00010967830667019978,0.00011375121757155283
649,0.00011384164097964661,0.00010031580808572471,0.00010933387930175136,0.00010991625032620503
650,0.00011881625507764208,9.44885759963654e-05,0.00010901329718536647,0.00011021082827355711
651,0.00011071774885446454,0.00021619417064357548,0.00010894569447296413,0.00010984218724770471
652,0.00011106642225058749,0.00010456410149345174,0.00010895774355578597,0.00011125187266152351
653,0.00011419152676050241,9.870231559034438e-05,0.00010941121945991957,0.00011164761129766701
654,9.993362347207343e-05,9.673914348240942e-05,0.00010917501243950229,0.00010944656932260842
655,0.00010431657086074767,0.00014789479697356,0.0001091398006217787,0.00011105170659720898
656,0.00010666292377411284,9.213378361891956e-05,0.00010940524481540907,0.00011100623924867251
657,0.00011117472859849739,0.00010778657509945333,0.0001090620704690486,0.00011111363817472012
658,0.00011460500935047296,0.00011806578026153147,0.00010896344584406404,0.00011093666660599411
659,0.00010784590827016574,0.00014869419450405985,0.00010861813440084612,0.00011137205215636641
660,0.00011131547743894367,9.781170199858025e-05,0.00010828623692666748,0.00011135422352817842
661,0.0001033878572181695,0.00010223658900940791,0.00010826607157715544,0.00011129313005949373
662,0.0001083400403149426,0.00010177294723689556,0.0001078544041164504,0.00011157808558200487
663,0.00010684488994431579,9.447857417399063e-05,0.00010702077841366796,0.00011147846165695228
664,0.00010386255259315173,0.00013555554556660354,0.00010695367583701026,0.00010738635640009306
665,0.00011445200601075259,0.00011145771917654201,0.00010664304460935658,0.0001068956685892772
666,0.00010602374722818948,9.243560198228807e-05,0.00010645983509635293,0.0001069254973495845
667,0.0001030710863091776,0.00013428962673060597,0.0001070705577094082,0.00010928938454599119
668,0.00011116313452172714,9.356741953524761e-05,0.00010744569687295654,0.00010738614415167832
669,0.00010326236182461597,0.00010095259771333077,0.00010724295941666546,0.00010739346066839065
670,0.00010911861049761582,9.177282598102465e-05,0.00010700542300182862,0.00011068959517288023
671,0.00010526812166467102,0.00010745948209660128,0.00010709318710400517,0.00011066312321345323
672,0.00010139360533988413,0.00010068470044643618,0.00010669604964722467,0.00010835182199371048
673,0.00010597594027381598,9.227367409039288e-05,0.00010664692837292226,0.00011093322638771499
674,0.00010354995446202035,0.00010743969614850357,0.00010702483691663172,0.00011064666112652051
675,9.797561250808132e-05,9.199797787005082e-05,0.0001066646365726936,0.00011044471897766927
676,0.00010904018443802164,0.00011389153922209517,0.00010623553970815718,0.00011066564205102625
677,0.00010330064155924548,9.229690622305497e-05,0.00010614901029039175,0.00010881835528416561
678,0.00010961128893541172,9.944803459802643e-05,0.00010626913961928546,0.00010890382409561427
679,0.0001152016887984549,0.00015583632339257746,0.0001059064354223665,0.0001090931783313863
680,0.000113695049949456,0.0001003137871157378,0.00010624665673110739,0.00010766413072124124
681,0.0001015944873668357,9.231669653672725e-05,0.00010579989350711306,0.00010750420756521638
682,0.0001052363182275763,0.00019018993771169335,0.00010583603320022423,0.00010699490922270345
683,0.00011679911190488686,0.0001174039812758565,0.00010551636938212646,0.00010730206660227854
684,9.791747185065308e-05,9.091166401049123e-05,0.00010548646571179336,0.0001065574189880863
685,0.00011008744558138359,0.0001623468118486926,0.00010549505349869532,0.00010889393286197449
686,0.00011283557081090597,9.507245747954585e-05,0.00010532166645021385,0.00010978544974350373
687,9.933503171648934e-05,9.672439351561479e-05,0.00010542708447319457,0.00010914258356788199
688,9.611746833090567e-05,0.00010000165100791491,0.00010590739395766932,0.00010922520657186398
689,0.00010169931714901597,8.937337639508769e-05,0.00010559242063965131,0.00010900370604358616
690,0.0001174552392330952,0.0001135944394627586,0.00010571499869563719,0.00010897502429434099
691,9.695614230521541e-05,9.716945787658915e-05,0.00010609869039358778,0.0001087839131243527
692,0.00011157661902769986,9.856343647697941e-05,0.00010560883792285393,0.00010643053438398057
693,9.999405392186923e-05,8.95693406346254e-05,0.00010509829412718924,0.00010603111740783789
694,0.00010416585415239549,8.822013915050775e-05,0.0001052600761286966,0.00010684417720767668
695,0.00010112701504517139,9.94517604704015e-05,0.0001055608993622526,0.00010271433977759444
696,0.00010452052990634304,8.884329174179583e-05,0.00010553369285577596,0.000102301843726309
697,0.00010160830001243287,0.00015909754729364066,0.00010560599877434368,0.00010272958473651669
698,0.00010164126406177982,0.00011456159612862394,0.00010528962327516638,0.00010075941348331981
699,0.00010618540503653801,9.136804175795987e-05,0.00010483402534025825,0.00010110822231508792
700,0.00010998334961995069,9.4063552969601e-05,0.00010478763598043266,0.00010080039193271661
701,0.00010116585148757116,0.00010835402601514943,0.00010503912305769821,0.00010121194723760711
702,0.0001063650929588928,9.157986249192618e-05,0.00010529581160064684,0.00010145481273066254
703,0.00011920358138417618,9.467025534831919e-05,0.00010484541935341743,0.00010177111462689936
704,0.00010295537703010875,9.700185488327406e-05,0.00010530727897938858,0.00010209837943548337
705,0.00010093145505783873,9.032836271217093e-05,0.00010485422371679712,0.00010296461596153677
706,0.00010563903740451981,0.00011264319153269752,0.0001052195533175513,0.00010299187099444678
707,0.00011275689906647635,8.694400195963681e-05,0.00010494692067958466,0.00010436141359969041
708,0.00011611894924297101,0.0001070915799937211,0.00010480796225763496,0.00010555863938643595
709,9.972511981484584e-05,0.0001016051892656833,0.00010472025072118008,0.0001056036099733319
710,0.00010217805810195083,0.00011309253051877021,0.00010460806054923323,0.00010279765771701931
711,0.00010144562243820272,0.00010379267827374861,0.00010452459051448387,0.00010176681028679013
712,9.81752977208493e-05,8.902863395633175e-05,0.00010439172395110494,0.00010164632733212782
713,0.00010240464526254476,0.00011029053363017738,0.00010442669218140915,0.00010154741001315413
714,0.00010811653072273152,9.544501372147352e-05,0.0001045333106313289,0.00010107476617558859
715,0.00010619543305236019,0.00012150198686867952,0.00010429668858770231,0.00010123645601561293
716,0.0001085026329544942,0.00010535107809118926,0.00010340204441421926,0.00010170675776316785
717,0.00010025023746291279,0.00012021934962831437,0.00010316936589240667,0.00010152427058201284
718,0.00010912729394072408,9.025071645737625e-05,0.00010313380970522606,0.000101618219492957
719,9.735003820322972e-05,0.00012245870428159833,0.00010274550819077479,0.00010108278100378814
720,9.765305449642862e-05,0.0001293824051390402,0.0001025929114758684,0.00010109121861169117
721,0.00010232774149497143,8.996755641419441e-05,0.00010206834983449274,0.000101080006279517
722,9.8803545713761e-05,8.894874088582582e-05,0.00010234152900294348,0.00010089502842165532
723,9.955451319304606e-05,8.879041037289426e-05,0.0001026840924437339,0.00010024258556077259
724,0.00010286374095206459,8.835596789140254e-05,0.00010255084538722358,9.988156366162005e-05
725,0.0001108575553775558,9.159061999525876e-05,0.00010254934162787522,9.986819607438522e-05
726,0.00010383131273556501,9.653793007601053e-05,0.00010243612693189384,9.98414271743968e-05
727,0.00010044954186822805,9.56221084925346e-05,0.0001019806670519756,9.989108078880236e-05
728,9.683747704709983e-05,0.00010642779903719202,0.00010171784311953361,9.971101690316574e-05
729,9.713841398479418e-05,9.243967535439879e-05,0.00010136110907090672,0.00010001039744820446
730,0.00010004255037832384,9.267708548577503e-05,0.00010119100184044024,9.86767262686044e-05
731,9.59314995432376e-05,9.925722930347547e-05,0.00010064389732562833,9.890620196820235e-05
732,0.0001089419811938165,8.715494215721264e-05,0.00010055591662918838,9.736256270552986e-05
733,0.00010300490820858007,0.00010681127168936655,0.00010104502391703944,9.562318539828993e-05
734,0.00010655459902611457,9.69807428191416e-05,0.00010087309104403377,9.852419073577039e-05
735,0.00011074214412171083,9.678145899670198e-05,0.00010094596142880619,9.892206671065652e-05
736,9.811444602544523e-05,9.476713079493492e-05,0.00010109598807887071,9.995204858132639e-05
737,9.813770373714053e-05,8.869444427546113e-05,0.00010084300821310736,0.00010024408266763203
738,9.957427786300994e-05,0.0001096213111304678,0.00010064646509320785,0.00010037598133203573
739,9.673003372477574e-05,9.668635408161208e-05,0.00010030566087613504,0.00010036127882194705
740,9.962483474131053e-05,0.00011700038972776383,0.00010053599517818334,0.00010013250396004879
741,9.958428173882162e-05,0.00011283559171715752,0.00010077560042781341,9.994992560823448e-05
742,9.59975567012508e-05,8.687757013831288e-05,0.00010099452452785851,9.993056617095135e-05
743,9.544968107042627e-05,9.59876089473255e-05,0.00010091484565637075,9.97450997470878e-05
744,9.515052079223096e-05,8.386772271478548e-05,0.00010073355172385668,9.912664315779693e-05
745,0.00010988073669270509,8.58979724580422e-05,0.00010028459351419263,9.919423683313653e-05
746,9.802941966982972e-05,0.00016249268985120578,0.00010061109054950064,9.8567950213328e-05
747,0.00010062530533307128,9.889564025797882e-05,0.00010008088514764999,9.804399820277468e-05
748,0.00010330517944465908,0.00011453995713964105,9.931844797166478e-05,9.781044614501298e-05
749,9.653924430798119e-05,9.565682004904375e-05,9.930218416783545e-05,9.759474640013651e-05
750,0.00010594397738006794,9.488808660535142e-05,9.935077746502227e-05,9.737641339888797e-05
751,9.531120730874439e-05,9.617036732379348e-05,9.92903898211403e-05,9.716168214799838e-05
752,0.00010620789941943561,8.990273694507778e-05,9.929609053069726e-05,9.719188603339719e-05
753,0.00010282760828785185,0.00010186334024183453,9.927132344908185e-05,9.601847486337647e-05
754,0.00010261151648592203,9.195568942232058e-05,9.904033083455741e-05,9.774989797733725e-05
755,9.805057859112923e-05,8.804042488918639e-05,9.941525002488762e-05,9.901701395865532e-05
756,9.139915123038615e-05,8.379581457120367e-05,9.939013555219086e-05,9.970855254214258e-05
757,9.771802595221541e-05,8.884478404070251e-05,9.942917045684428e-05,9.978633492719382e-05
758,0.00011116733409128048,9.115410619415343e-05,9.899774025996318e-05,9.986049999715759e-05
759,9.329946397984814e-05,8.388194255530834e-05,9.897687922800993e-05,9.666714446502737e-05
760,9.168121472208036e-05,9.094265755265951e-05,9.877080740148407e-05,9.607302598888052e-05
761,9.770785092971184e-05,8.937463717302307e-05,9.863382064504548e-05,9.495640805107541e-05
762,9.935253616681115e-05,8.323611924424767e-05,9.874439461467167e-05,9.445051832008175e-05
763,9.806458676596069e-05,0.00010425302985822782,9.851895679862032e-05,9.40364363603294e-05
764,9.687255146369959e-05,9.744145121658221e-05,9.843260422413653e-05,9.348054302390665e-05
765,9.900565770092523e-05,8.766511047724634e-05,9.805910010602222e-05,9.330702852457763e-05
766,9.380946637571066e-05,0.00015612116956617683,9.81813030970645e-05,9.30313288117759e-05
767,0.00010537053645950639,0.00011855546967126429,9.805549777099967e-05,9.384271628223359e-05
768,9.482181925300716e-05,0.0001132760735345073,9.843482151045465e-05,9.482543203630486e-05
769,9.61263934085663e-05,8.581228234106674e-05,9.857910104393443e-05,9.478174001560549e-05
770,9.909498177067791e-05,8.775209920713678e-05,9.854274367874798e-05,9.458901809994133e-05
771,9.750789387099858e-05,8.265880154795013e-05,9.766269954594058e-05,9.474354111007416e-05
772,9.547350966992478e-05,8.404267835430801e-05,9.76609486957184e-05,9.509922572178766e-05
773,9.988051053369418e-05,8.662450869451277e-05,9.78947814780339e-05,9.492335401591845e-05
774,9.930359354863564e-05,8.300957677420228e-05,9.767284453005737e-05,9.511622854624875e-05
775,0.00010030803197878413,8.453603761154226e-05,9.771545097205994e-05,9.548005390679465e-05
776,9.315239294664935e-05,8.227303391322493e-05,9.775301972016072e-05,9.507512110285463e-05
777,9.687029646657821e-05,8.556487446185202e-05,9.750360373743914e-05,9.459419296472334e-05
778,0.000105882683063909,9.497084742179141e-05,9.704989559249953e-05,9.495085243252106e-05
779,9.9466383334301e-05,0.00011224037618376315,9.710745912226334e-05,9.200954682310112e-05
780,0.00010753367207750368,0.00011260831874096766,9.682742905182146e-05,9.10684983129613e-05
781,9.500613956738057e-05,8.270351405371912e-05,9.69241353159305e-05,8.984258205164223e-05
782,9.680909182255467e-05,8.402673614909872e-05,9.680113254127923e-05,9.027433851733803e-05
783,8.91662307710956e-05,9.501718144747429e-05,9.655345320675733e-05,8.997304220101795e-05
784,9.325569272429371e-05,9.277405784814618e-05,9.628704207975213e-05,8.988984001916833e-05
785,9.752703427996797e-05,8.654586490592919e-05,9.651145378075956e-05,9.0322214277694e-05
786,9.21594272302981e-05,9.419650043128058e-05,9.613949309310154e-05,9.062910425127484e-05
787,0.00010041769721687565,9.233175325789488e-05,9.572423758282743e-05,9.186086299014278e-05
788,9.90038054684798e-05,9.412970975972713e-05,9.566800277421461e-05,9.248315008589998e-05
789,9.063715189566008e-05,8.541824776330032e-05,9.564387415238244e-05,9.33438249048777e-05
790,8.766295407743503e-05,9.658159717218951e-05,9.550773237262751e-05,9.380543341394514e-05
791,9.524855461980526e-05,8.258852933067828e-05,9.496078312966147e-05,9.32947218825575e-05
792,9.836978469845943e-05,9.502925691776908e-05,9.485245760847143e-05,9.530804154346695e-05
793,9.723947585573316e-05,8.262816700153053e-05,9.404384532729942e-05,9.51078672253061e-05
794,9.305132404228465e-05,9.66061939834617e-05,9.379758601458486e-05,9.526087715639731e-05
795,9.290299840763005e-05,8.021969129913486e-05,9.367194800191406e-05,9.517560807289555e-05
796,9.084761569586893e-05,8.057874700170942e-05,9.394491359546213e-05,9.486696295207368e-05
797,0.00010108380219511067,9.485203481744975e-05,9.393523561140887e-05,9.788938604178838e-05
798,9.058149334224355e-05,9.42967580340337e-05,9.395385270375605e-05,9.908123358618468e-05
799,8.89222057917828e-05,0.00011380354524590075,9.377697957776644e-05,9.926819872343912e-05
800,9.890216176346358e-05,0.00010009321500547231,9.390828948073453e-05,9.930102057405748e-05
801,9.254917740084541e-05,0.00010378990438766777,9.337871135956247e-05,9.873910218593664e-05
802,9.346675197270492e-05,9.710508718853817e-05,9.322653457929849e-05,9.922458912478759e-05
803,9.220895198975793e-05,8.220305913710035e-05,9.377839404268244e-05,9.864885180722923e-05
804,9.675824530455026e-05,0.0001625733677065,9.353226529169157e-05,9.844208778813482e-05
805,8.73183650482032e-05,0.00010760396078694612,9.338801305631126e-05,9.80067021737341e-05
806,8.884965674951672e-05,8.652876233099959e-05,9.354436989233364e-05,9.853484465857036e-05
807,9.366814150578446e-05,8.189500906155445e-05,9.389557157701348e-05,9.816278842044995e-05
808,9.599037060979754e-05,8.730105342692696e-05,9.383816927794316e-05,9.836013106396423e-05
809,9.3013743122962e-05,0.0001683346350910142,9.380833212732493e-05,9.828062605229208e-05
810,9.799246158864763e-05,0.0001163420535158366,9.327195684794182e-05,9.769730762927794e-05
811,8.773759908055783e-05,9.887062886264175e-05,9.326065099287209e-05,9.804148654802705e-05
812,0.00010370044479107795,9.315229952335358e-05,9.354987371189054e-05,9.727335002971814e-05
813,8.576435243917836e-05,8.008175005670637e-05,9.299833615950773e-05,9.719496932812035e-05
814,8.683273238906016e-05,9.755542123457417e-05,9.292533804125721e-05,9.624698658008127e-05
815,0.00010145944066203406,8.218816423323005e-05,9.297859969503608e-05,9.561126335756853e-05
816,8.909533584503353e-05,7.741942885331809e-05,9.30806945517866e-05,9.539349941769615e-05
817,9.476347881395162e-05,8.414461655775084e-05,9.255576385993562e-05,9.198866368969902e-05
818,0.00010114839675629305,9.583172912243754e-05,9.253129807346138e-05,9.301653528818859e-05
819,0.00010183136615928056,8.730478803045116e-05,9.275577905581384e-05,9.261326228152028e-05
820,9.146794093087211e-05,8.515325738699175e-05,9.297045044723845e-05,9.352715802961027e-05
821,9.010168693041325e-05,7.859112170990556e-05,9.307736027565423e-05,9.704247725894673e-05
822,8.767442021053285e-05,8.02690742420964e-05,9.278149471986884e-05,9.366227240534498e-05
823,9.029884696550047e-05,0.00010290123100276105,9.262802797505478e-05,9.220576495281419e-05
824,9.615277376724407e-05,9.460013228817843e-05,9.242342835609129e-05,9.133762955898419e-05
825,8.511372295389366e-05,9.81336974655278e-05,9.23293484332842e-05,9.066880920436231e-05
826,9.072422444458223e-05,8.00903356866911e-05,9.226839718402416e-05,9.11459789145738e-05
827,9.479829331717661e-05,8.121200662571936e-05,9.239969975412049e-05,9.038797033717855e-05
828,9.476132340852119e-05,7.675896064029076e-05,9.172448025169111e-05,9.016423159628176e-05
829,8.363497800827543e-05,7.745247450657188e-05,9.13841518654307e-05,9.021357221645304e-05
830,8.670672038634722e-05,0.00013330075074918568,9.128172084294623e-05,9.001963231130505e-05
831,9.446168130832828e-05,7.644693716429173e-05,9.089372474409177e-05,8.971518071484752e-05
832,9.903492629139995e-05,0.00010474240276380443,9.015720614471422e-05,8.94642188155558e-05
833,9.866311632019157e-05,0.00017518403416033834,9.037844334541457e-05,8.936845252756031e-05
834,8.561710422832725e-05,8.382951375097037e-05,9.042029485087067e-05,8.959839800954797e-05
835,9.415579296829593e-05,7.992936720256694e-05,9.032169600217861e-05,9.118670748430305e-05
836,8.262260860647074e-05,7.716724401689134e-05,9.036050864281909e-05,9.09826064715162e-05
837,0.00010134844672090063,7.643179065780714e-05,9.008372746918922e-05,9.034634162089788e-05
838,8.424057120767733e-05,9.201099281199277e-05,9.040174499225234e-05,8.956071921274997e-05
839,9.011529664146817e-05,7.86052067996934e-05,9.032624736137225e-05,9.005438286694698e-05
840,8.457895310129971e-05,7.65946957108099e-05,8.988178263243755e-05,9.076242818846367e-05
841,8.058712618852345e-05,7.865294435760006e-05,8.964816494715505e-05,9.113658880232832e-05
842,9.220270325183972e-05,7.929611892905086e-05,8.983470536962463e-05,9.104273976408877e-05
843,9.144849428493115e-05,8.822043921099976e-05,8.990930641626216e-05,8.867866460932419e-05
844,8.341840117484228e-05,8.103074054815806e-05,8.975165235654762e-05,9.133841077564284e-05
845,9.699887094838131e-05,8.275910018710419e-05,8.922193001360738e-05,9.093427311745473e-05
846,9.114797456681521e-05,8.433975875959731e-05,8.852321156041905e-05,8.733321647741832e-05
847,8.52094489932319e-05,0.00011997681111097335,8.862989187990833e-05,8.899110931088218e-05
848,9.126916298151223e-05,9.779870568308979e-05,8.832337741041556e-05,8.912988194497303e-05
849,8.923324442649675e-05,7.869351102272049e-05,8.871771393460222e-05,8.90495210827794e-05
850,9.306416103047215e-05,7.849313726183027e-05,8.834898140663024e-05,8.898078690399417e-05
851,8.883678367257945e-05,9.243192704161629e-05,8.826623570025227e-05,8.925345542957076e-05
852,8.368667509380934e-05,9.891313966363669e-05,8.801369154858145e-05,8.908288826351056e-05
853,8.89208812764587e-05,8.611297598690726e-05,8.807576409340578e-05,8.988298660842704e-05
854,8.829848857001505e-05,7.510624855058267e-05,8.825126687523962e-05,8.991643419722095e-05
855,8.857174655228543e-05,7.419887188007124e-05,8.812800673282862e-05,8.982160280575044e-05
856,9.052032981546492e-05,0.00014294059132225812,8.789027909547763e-05,8.963204159517773e-05
857,8.579186771789358e-05,9.463896130910144e-05,8.819670159751291e-05,8.983517794986256e-05
858,8.119515499048348e-05,8.515761815942824e-05,8.753729400244385e-05,8.945417757495307e-05
859,8.828411221555951e-05,0.00012527683458756655,8.736445200597194e-05,8.916559109929949e-05
860,8.649293123097677e-05,8.339868305483833e-05,8.769200505177853e-05,8.736378881731069e-05
861,9.248102171113714e-05,7.515822246205061e-05,8.75109764284894e-05,8.67971147352364e-05
862,9.213013352160084e-05,7.471343618817628e-05,8.741497762934563e-05,8.72956379025709e-05
863,8.21719285482282e-05,9.882770595140756e-05,8.691575559625764e-05,8.741281254915521e-05
864,8.380169284969775e-05,7.434102764818817e-05,8.670783372848139e-05,8.677429819945247e-05
865,8.6130766721908e-05,9.659715433372185e-05,8.690379662083514e-05,8.726205452112482e-05
866,8.497469573436926e-05,7.94891340774484e-05,8.663755966408643e-05,8.7032970180735e-05
867,8.912119969156468e-05,7.692533414228819e-05,8.635889528765498e-05,8.695847713388503e-05
868,8.550530335115683e-05,8.348140894668177e-05,8.643156527767941e-05,8.785891784937121e-05
869,9.107896372572415e-05,8.610914941527881e-05,8.607560603252044e-05,8.551055731950328e-05
870,8.05136810716552e-05,7.323409081436694e-05,8.616441901960773e-05,8.528615884715691e-05
871,8.682692465501733e-05,7.712509686825797e-05,8.631539504696978e-05,8.472895795712247e-05
872,9.339827513839636e-05,7.493175406125374e-05,8.626799913698858e-05,8.278576058219187e-05
873,8.674344739928428e-05,8.363185363123193e-05,8.61731855667636e-05,8.239605283015407e-05
874,8.683327444790242e-05,9.11565902060829e-05,8.588432880901058e-05,8.265534827951341e-05
875,8.058361020327235e-05,8.14225034264382e-05,8.551189652256046e-05,8.27548342407681e-05
876,8.363873697817326e-05,7.646906829904765e-05,8.588014849422809e-05,8.276606892468409e-05
877,8.858574740265289e-05,0.00011110704770544543,8.60654995304584e-05,8.823518388671801e-05
878,8.226495735774127e-05,8.038586747716181e-05,8.607154202311196e-05,8.741109585971572e-05
879,8.133187915922866e-05,7.324392237933352e-05,8.597644908392492e-05,8.733255760162138e-05
880,9.038849630289608e-05,9.670988976722583e-05,8.559903523807105e-05,8.709365375689232e-05
881,8.162134868649042e-05,8.42315780755598e-05,8.549158258829267e-05,8.710868961061352e-05
882,8.801219239507594e-05,8.902899950044229e-05,8.534320019211413e-05,8.648059904808178e-05
883,8.49695556745347e-05,7.122759590856731e-05,8.586550235890577e-05,8.676734483451583e-05
884,8.709921446602999e-05,7.669690021430142e-05,8.600021529127843e-05,8.72717482794542e-05
885,8.4122591975352e-05,7.36559892538935e-05,8.572412530775181e-05,8.799071706598625e-05
886,8.525960276731186e-05,8.164060869603418e-05,8.567362302565015e-05,8.761139761772939e-05
887,8.281932636034778e-05,7.720058521954343e-05,8.530502149692942e-05,8.686819908325561e-05
888,9.137822783991901e-05,9.910857304930687e-05,8.528121912968343e-05,8.709395176265388e-05
889,8.843546875545548e-05,0.00021106890169903637,8.538690523257374e-05,8.6832573445281e-05
890,8.628182903824685e-05,7.59949536586646e-05,8.508887965128653e-05,8.644485190743583e-05
891,8.259737225469305e-05,7.752567762508988e-05,8.533510797747619e-05,8.605021834373477e-05
892,7.968585354521767e-05,7.095273802406155e-05,8.524099190577139e-05,8.601519513758831e-05
893,8.281898710669743e-05,8.38573052897118e-05,8.515283850267425e-05,8.544941611471586e-05
894,8.736940382126097e-05,7.04068853519857e-05,8.493266368297757e-05,8.49053788697347e-05
895,9.357123524144602e-05,8.040273547521793e-05,8.451855248616385e-05,8.568563194130547e-05
896,9.019474796433416e-05,8.973518299171702e-05,8.506179510408804e-05,8.681479562656021e-05
897,8.649602555023092e-05,9.290597372455523e-05,8.495164711105946e-05,8.675121898995712e-05
898,8.548089034674276e-05,7.414886742481031e-05,8.480580365932028e-05,8.708960681105963e-05
899,7.761823622988433e-05,7.25766268442385e-05,8.462343637107146e-05,8.68082425557077e-05
900,7.998855102212271e-05,8.706632041139529e-05,8.515327179209431e-05,8.707810462219641e-05
901,8.628088955043091e-05,6.993461036472581e-05,8.478593969290766e-05,8.596351809683258e-05
902,8.113510787047239e-05,0.00010141400925931521,8.4336343886874e-05,8.034901246428491e-05
903,8.842066551248232e-05,7.052002838463523e-05,8.434982936014422e-05,8.02808333246503e-05
904,7.897897736660929e-05,7.236834222567268e-05,8.447843908345223e-05,8.017530021606945e-05
905,8.818466122546751e-05,8.256541419541463e-05,8.457261029268718e-05,8.04766642220784e-05
906,7.611697819407305e-05,7.063064695103093e-05,8.439481246362752e-05,7.993191168643535e-05
907,7.765941247473367e-05,0.00010853532628971152,8.399694086337049e-05,7.985963280661964e-05
908,9.855062112263921e-05,9.945668803993612e-05,8.366472167868375e-05,7.941174969892019e-05
909,8.434551464031554e-05,7.510748429922386e-05,8.345629326261891e-05,7.88124447921291e-05
910,8.047650568187237e-05,8.211568478145636e-05,8.308704617536731e-05,7.790779716451652e-05
911,8.070042056109135e-05,7.460650231223553e-05,8.272812371853635e-05,7.850592734175733e-05
912,9.606521188591918e-05,8.394713688176126e-05,8.326320300758299e-05,7.846409935737029e-05
913,8.219492536025226e-05,7.124390991521068e-05,8.332721221959217e-05,7.940653584664689e-05
914,7.719557360461396e-05,7.070626088534482e-05,8.300675991534564e-05,8.002975192503073e-05
915,8.661896587000228e-05,7.429047516779974e-05,8.286263382372757e-05,7.896579829975963e-05
916,8.581261533739356e-05,7.488734991056845e-05,8.273843900856769e-05,7.940403160755522e-05
917,8.204013377609145e-05,7.848683817428537e-05,8.263307425465125e-05,8.01247639290523e-05
918,7.83740413802055e-05,7.02384918986354e-05,8.224377104585679e-05,7.950692002195865e-05
919,7.742261381483534e-05,6.859991335659288e-05,8.245857931259604e-05,7.949320758343673e-05
920,8.526575562427752e-05,6.920565778273158e-05,8.270570977927287e-05,7.785598355694675e-05
921,8.498403756271323e-05,7.475256032194011e-05,8.212158134168322e-05,7.689135618275032e-05
922,7.726484836894088e-05,7.028978303424083e-05,8.217573111566403e-05,7.762212220113725e-05
923,7.650782892596908e-05,8.910212185583078e-05,8.213792509050107e-05,7.769843773567118e-05
924,9.099521845605017e-05,7.153092723456211e-05,8.204144450913494e-05,7.751667716074735e-05
925,8.158878132235259e-05,0.00011062723264330998,8.150879243362902e-05,7.684157477342524e-05
926,7.826958194426778e-05,8.551501232432202e-05,8.135439144227552e-05,7.69176444679033e-05
927,7.753195558002011e-05,7.481516862753779e-05,8.142753169781322e-05,7.88455125875771e-05
928,8.531579513348536e-05,8.14758610795252e-05,8.10606435853212e-05,7.885948459152134e-05
929,7.634485851869815e-05,9.0386650263099e-05,8.074256648413009e-05,7.875950348097833e-05
930,7.845208100560638e-05,6.71193165180739e-05,8.078502339873619e-05,7.84328820067458e-05
931,8.148718486255449e-05,7.028783598798327e-05,8.072717126568832e-05,7.92239568603691e-05
932,8.383767414165453e-05,6.760472562746145e-05,8.108881111871193e-05,8.155053758528085e-05
933,8.394741018289804e-05,7.534100368502549e-05,8.085912439823408e-05,8.169063408276999e-05
934,8.569925898983557e-05,9.337663475889713e-05,8.039365677040122e-05,8.159956791787408e-05
935,7.953135505279837e-05,8.402357314480469e-05,8.041642570525357e-05,8.147618150687776e-05
936,7.828840602693769e-05,7.006248793913982e-05,8.054683409896421e-05,8.073530187830328e-05
937,8.27489099982712e-05,6.706957719870843e-05,8.015858175640459e-05,8.418374372995457e-05
938,7.833490057641433e-05,7.31456522771623e-05,7.997157597080028e-05,8.251280099502761e-05
939,7.902407999305676e-05,0.0001189029638771899,7.997379999303829e-05,8.168015715200452e-05
940,7.74467630577015e-05,7.463977526640519e-05,8.043887401032003e-05,8.145342259667812e-05
941,7.786068780761626e-05,7.238782214699313e-05,8.002530905683265e-05,8.123056845506651e-05
942,8.310155664124371e-05,7.032130131847226e-05,7.994426498998008e-05,8.123525233240797e-05
943,7.692773805400874e-05,9.001536323921755e-05,8.033862651888437e-05,8.138315239339134e-05
944,8.646361014042567e-05,0.000126764431479387,8.029690555219229e-05,8.177313931519166e-05
945,7.952358761233174e-05,7.270807021996006e-05,8.02276154530571e-05,8.172285355976783e-05
946,7.334734686689141e-05,7.24759061995428e-05,7.983078210543479e-05,8.133459165110253e-05
947,7.783407174024938e-05,6.720512275933288e-05,7.933076252132499e-05,8.056063675903716e-05
948,7.97680387687352e-05,7.058013114146888e-05,7.927213580276454e-05,7.997241033590398e-05
949,8.128890989206006e-05,0.00015774197352584453,7.90489290300886e-05,8.192390399053692e-05
950,7.691363668224463e-05,6.885366427013651e-05,7.897260700216673e-05,8.198669466655702e-05
951,7.832518250021773e-05,6.469891624874435e-05,7.873337415609664e-05,8.163397005992011e-05
952,8.91588060120638e-05,6.914680474437774e-05,7.861495348721899e-05,7.96151977032423e-05
953,7.497667129630119e-05,7.590450753923506e-05,7.892898800750521e-05,8.422031829832122e-05
954,7.431875684738366e-05,9.050374719663524e-05,7.905412651857152e-05,8.389382135355845e-05
955,8.83111192282134e-05,7.081681804265827e-05,7.855056908997032e-05,8.402431366266684e-05
956,8.044416069525242e-05,8.003750903299079e-05,7.868186201764425e-05,8.347142300335691e-05
957,8.210542166327488e-05,6.634758174186572e-05,7.81646810708076e-05,8.094842968857847e-05
958,7.402657649234041e-05,6.563445596839301e-05,7.778915616929428e-05,8.13845087250229e-05
959,7.319876938709058e-05,7.402776245726272e-05,7.787533993056666e-05,8.103767738211901e-05
960,7.806568708878735e-05,6.931791256647557e-05,7.74993899019642e-05,8.209302783361637e-05
961,7.270823671003907e-05,0.00011884982930496335,7.752058668281987e-05,8.19233384798281e-05
962,8.084085930022411e-05,6.863934409921057e-05,7.719755619505628e-05,7.916291053406895e-05
963,7.235407942466231e-05,6.432753711123951e-05,7.715319924819697e-05,7.913219279726036e-05
964,7.606356327111522e-05,6.84336549602449e-05,7.69883915646157e-05,7.974337502382696e-05
965,8.529762606485747e-05,0.00018976779014337808,7.667848025319272e-05,8.050582631840372e-05
966,8.098915058427439e-05,6.422539852792398e-05,7.651612789551212e-05,8.019093751208857e-05
967,7.051262092621376e-05,7.358360904618167e-05,7.649916628336845e-05,7.921965146670118e-05
968,8.02100612458566e-05,7.619309675646946e-05,7.604581044547053e-05,7.956170112011023e-05
969,7.353408646950912e-05,6.368959860992617e-05,7.642951449605688e-05,7.945202333503404e-05
970,7.013546507449872e-05,8.36100461310707e-05,7.631603136089526e-05,8.105822817888113e-05
971,7.550194089870072e-05,6.380512262694537e-05,7.625723908681216e-05,8.147500634659083e-05
972,6.843532102518818e-05,9.35888840467669e-05,7.634015303467298e-05,8.106093119131401e-05
973,8.02979582901268e-05,6.633789729676209e-05,7.618917378001951e-05,8.084440578822976e-05
974,7.321314769797027e-05,8.873127488186583e-05,7.630044719812255e-05,7.971017647068947e-05
975,7.58047130107621e-05,6.808572084992193e-05,7.629308616613142e-05,7.986271984991617e-05
976,7.420499041068575e-05,7.99784719129093e-05,7.627959754253323e-05,7.976713984389788e-05
977,8.141102322648901e-05,8.820808710879646e-05,7.622127373858044e-05,7.960990693536587e-05
978,7.091786235428622e-05,6.803228738135659e-05,7.569618678664685e-05,7.45425826869905e-05
979,7.389471654379223e-05,6.622159606195055e-05,7.569979982573487e-05,7.461130719166248e-05
980,7.697722328076553e-05,7.936805937788449e-05,7.58523267302533e-05,7.486006494727916e-05
981,9.003676195991123e-05,7.729556440608576e-05,7.575061734759302e-05,7.500471165403723e-05
982,7.926834328423462e-05,0.00010650270283804275,7.618309175433954e-05,7.533625971991568e-05
983,7.255676964026255e-05,7.605391016113572e-05,7.630449192236282e-05,7.475621569901704e-05
984,7.527161808361092e-05,6.36758835753426e-05,7.617359549686728e-05,7.475107669015415e-05
985,7.429120572245059e-05,6.390477748936974e-05,7.627733409689326e-05,7.374054025276563e-05
986,7.549007216261492e-05,9.049409636645578e-05,7.584615909080537e-05,7.378954638261349e-05
987,8.065683350044613e-05,7.245292857987806e-05,7.594857408548705e-05,7.362052438547835e-05
988,7.201686383470789e-05,6.193803696078249e-05,7.591162412039314e-05,7.386950216605327e-05
989,7.460546817229543e-05,6.45028322469443e-05,7.58059611207702e-05,7.338281133561394e-05
990,7.217045226651761e-05,6.30846839339938e-05,7.546913131890405e-05,7.3249954264611e-05
991,8.107947656147492e-05,6.594351114472374e-05,7.55712056965826e-05,7.396080258185975e-05
992,7.43257935391739e-05,7.980255293659865e-05,7.538371237525199e-05,7.412904617958702e-05
993,7.766732667934978e-05,7.980926442542113e-05,7.51773623251615e-05,7.372015520231798e-05
994,8.434594663817229e-05,7.197830025688745e-05,7.434978963897772e-05,7.303727383841761e-05
995,7.31704692750807e-05,6.91089456086047e-05,7.397529087158749e-05,7.187114760745317e-05
996,7.222953026131209e-05,6.367664740537293e-05,7.391427326494725e-05,7.133276981767268e-05
997,7.10287860258379e-05,6.832547311205417e-05,7.413591229447371e-05,7.274138721404597e-05
998,6.951858313793005e-05,6.756305054295809e-05,7.396754242945462e-05,7.287204531603492e-05
999,7.577352256501197e-05,8.450572495348752e-05,7.363732378709958e-05,7.186744504142553e-05
1000,7.488096388341445e-05,7.431016536429524e-05,7.356271644239313e-05,7.182067661779001e-05
1001,7.156341542011231e-05,6.781120115192607e-05,7.361903983401135e-05,7.265990037121809e-05
1002,7.299027817983491e-05,8.488666033372283e-05,7.356352547907995e-05,7.299748089862987e-05
1003,7.346972179624976e-05,8.580349531257525e-05,7.34698275227048e-05,7.314810293610208e-05
1004,6.920738351052731e-05,7.042768600513228e-05,7.322845048814394e-05,7.300230970140547e-05
1005,7.181847202850299e-05,6.914578494615853e-05,7.319388512146869e-05,7.226470874156804e-05
1006,6.934744480531663e-05,6.0223530308576304e-05,7.290271077719002e-05,7.160182950901799e-05
1007,6.990587409947896e-05,7.734954706393183e-05,7.227562272455544e-05,7.122139385319314e-05
1008,7.103132947425668e-05,6.259446541662328e-05,7.208528911061068e-05,7.157826284528709e-05
1009,8.081259382177247e-05,9.889131848467514e-05,7.196569161929397e-05,7.212312954943626e-05
1010,7.008195909697355e-05,6.717123003909365e-05,7.195640300956761e-05,7.198602699209003e-05
1011,6.723460610373877e-05,6.537908950122074e-05,7.190906507635696e-05,7.167925596004353e-05
1012,7.879164988278514e-05,7.128371798899024e-05,7.159785804170598e-05,7.073795155156405e-05
1013,7.342494862516308e-05,8.291863079648465e-05,7.16403391425653e-05,7.018854115740396e-05
1014,7.32176092990105e-05,7.294234543223865e-05,7.149357878822937e-05,7.083693409222178e-05
1015,6.982800335713869e-05,6.685023487079889e-05,7.135146426347395e-05,7.311009733821267e-05
1016,7.50450506974529e-05,6.229868027730845e-05,7.12682311571876e-05,7.259154845378363e-05
1017,7.346165937229267e-05,6.136252894066274e-05,7.111005814319168e-05,7.21710324927699e-05
1018,7.038796807238315e-05,6.323728361167014e-05,7.120106521243644e-05,7.197715506190435e-05
1019,6.86687453223082e-05,6.246740886126645e-05,7.111743818580482e-05,7.235824360395782e-05
1020,6.841212892646177e-05,7.803067041095346e-05,7.153458003627343e-05,7.174304976942948e-05
1021,6.923959297839449e-05,7.729831500910222e-05,7.147516327095218e-05,7.330416289041749e-05
1022,7.079657078267903e-05,6.489790917839855e-05,7.104983233989009e-05,7.257332839071749e-05
1023,6.833513480766366e-05,5.989377474179491e-05,7.129234785032977e-05,7.259576915530488e-05
1024,6.79933466987374e-05,6.097311474150047e-05,7.162804668057814e-05,7.295791604556144e-05
1025,7.594299140489764e-05,6.057490551029332e-05,7.116566250236551e-05,7.41571363643743e-05
1026,6.789440656171387e-05,8.402102452237159e-05,7.105801864818205e-05,7.354430763516575e-05
1027,6.94374150609494e-05,0.00014171574148349463,7.06634295176223e-05,7.348568613524547e-05
1028,7.138889413909056e-05,7.28397732018493e-05,7.084635181009717e-05,7.394069398869759e-05
1029,6.525305816062933e-05,5.9914786979788915e-05,7.074641318661938e-05,7.381551020662301e-05
1030,7.409364875962233e-05,6.429884917452e-05,7.047988747783368e-05,7.421256999950857e-05
1031,6.725676913952661e-05,6.97507438599132e-05,7.053741047501617e-05,7.468514021020383e-05
1032,8.033442036119393e-05,6.196970120072365e-05,7.054496827606476e-05,7.5846361607546e-05
1033,6.954591034122536e-05,0.00010162229344132356,7.067087983628479e-05,7.51921130111441e-05
1034,7.017932054522034e-05,8.062045599217526e-05,7.069597868087133e-05,7.477064855047502e-05
1035,7.61448468579652e-05,6.773224915377795e-05,7.072530902579375e-05,7.453343455563299e-05
1036,7.562707685994812e-05,7.443276175763459e-05,7.057883169909474e-05,7.485065438086168e-05
1037,6.723204542746922e-05,0.00010126422595931217,7.087922472629646e-05,7.480037485365756e-05
1038,7.073385227057669e-05,6.759791256627067e-05,7.0638102053393e-05,7.489408901892602e-05
1039,6.335288103501727e-05,7.147680793423205e-05,7.051280844769078e-05,7.417629222618416e-05
1040,7.44010606690103e-05,7.82254312071018e-05,7.034635512552794e-05,7.076548802433534e-05
1041,7.25465851105077e-05,5.9169085725443436e-05,7.038488717613897e-05,7.079654766712337e-05
1042,6.67985166526503e-05,7.128902376280166e-05,7.058674392012311e-05,7.224331951583736e-05
1043,7.182604300194524e-05,7.505153887905181e-05,7.045995018270334e-05,7.210251968353986e-05
1044,6.885769034852274e-05,9.149794379482046e-05,7.071793965781883e-05,7.182676464435642e-05
1045,7.155991793196234e-05,6.167445550090633e-05,7.029262823020365e-05,7.195300788735038e-05
1046,6.986706409305851e-05,6.676170349237509e-05,7.022852702163314e-05,7.057361720362675e-05
1047,7.15298294057397e-05,5.896755930734798e-05,7.046715524273975e-05,7.052865847363136e-05
1048,6.467320164018828e-05,6.782427037251182e-05,7.055082846620483e-05,7.021830555167981e-05
1049,7.550317237878011e-05,5.971612656139769e-05,7.014317205984197e-05,6.958272066549398e-05
1050,6.991492458231126e-05,6.291775964200496e-05,7.023864114566499e-05,6.778939110226929e-05
1051,6.476206641915875e-05,6.607610470382496e-05,7.019312279492926e-05,6.746186346863397e-05
1052,6.527608200687811e-05,5.644563643727452e-05,7.017683081147777e-05,6.685729175223969e-05
1053,7.235219540436649e-05,7.361626427154988e-05,6.98917203544018e-05,6.630938569433055e-05
1054,7.029947676023261e-05,9.608408319763839e-05,6.971730432188552e-05,6.710869668750091e-05
1055,7.09238053241279e-05,6.0778853367082775e-05,6.97157104810079e-05,6.814515119185672e-05
1056,7.370650601741444e-05,6.285686788032763e-05,6.961831876736444e-05,6.742600369616412e-05
1057,6.970163467081471e-05,6.512578227557241e-05,6.947645060265333e-05,6.635302722570487e-05
1058,6.794338012696244e-05,6.713752634823322e-05,6.918491854966204e-05,6.64098363602534e-05
1059,7.614502607288563e-05,7.94964877422899e-05,6.920815654383558e-05,6.605241583893076e-05
1060,7.82366774445917e-05,5.99734261049889e-05,6.912017286069588e-05,6.681541671277956e-05
1061,6.543566670087684e-05,5.854313960298896e-05,6.909902098219997e-05,6.631061331136152e-05
1062,6.961877257304473e-05,5.643098687869497e-05,6.89144096308155e-05,6.634603744605557e-05
1063,6.959589350218367e-05,5.94097217253875e-05,6.889719753752514e-05,6.604750898550264e-05
1064,6.294558144873008e-05,5.636251502437517e-05,6.881687994561313e-05,6.5814807114657e-05
1065,6.727329924211113e-05,6.452777975937351e-05,6.874842767105695e-05,6.78430193918757e-05
1066,6.818618429760035e-05,7.915186055470259e-05,6.8727931550691e-05,6.833429326652548e-05
1067,6.675867063070958e-05,9.720038637169637e-05,6.840070589193297e-05,6.669129182118922e-05
1068,6.939125016085907e-05,5.707285148673691e-05,6.807567861817207e-05,6.643741476000285e-05
1069,6.531098623074488e-05,6.467353203333915e-05,6.794257517160278e-05,6.654733995674178e-05
1070,6.427161660718008e-05,6.309468386461959e-05,6.768664617330715e-05,6.61458665970713e-05
1071,7.044801394739706e-05,5.782619045930914e-05,6.743643816799806e-05,6.565824207500556e-05
1072,6.933023732724704e-05,7.804258115356788e-05,6.692185574243518e-05,6.472364886431023e-05
1073,6.414440467779059e-05,5.520418533706106e-05,6.634949158146305e-05,6.46632527525071e-05
1074,7.088788859416834e-05,6.060172992874868e-05,6.639084717640393e-05,6.477035537827759e-05
1075,6.948462225005238e-05,5.5454548128182065e-05,6.638771188542401e-05,6.4860711194342e-05
1076,6.275412662135852e-05,6.0258557932684196e-05,6.623477533479065e-05,6.493762281606904e-05
1077,6.356477514297391e-05,0.000107150943367742,6.615855190094508e-05,6.491577436681837e-05
1078,7.183979239521756e-05,8.589811113779433e-05,6.62091769805152e-05,6.498682335950433e-05
1079,6.211883529128196e-05,5.500904706423171e-05,6.639288441478533e-05,6.424303607782348e-05
1080,6.279812348010536e-05,5.443192683742381e-05,6.640230161428917e-05,6.303127996507101e-05
1081,7.037891985318209e-05,6.560499779880047e-05,6.62775816418515e-05,6.319572187494486e-05
1082,6.330340971342391e-05,5.508894828381017e-05,6.609795208496507e-05,6.428920917678625e-05
1083,6.168817999423482e-05,5.4946913296589626e-05,6.629513739123164e-05,6.388265698333271e-05
1084,6.328046543381384e-05,5.6131657474907113e-05,6.60112651857263e-05,6.414266278152354e-05
1085,6.392757342028845e-05,5.846352330991067e-05,6.583040509495832e-05,6.398368514492177e-05
1086,6.646955657439927e-05,6.122070524725132e-05,6.572924520910925e-05,6.431432565441356e-05
1087,6.95403902985466e-05,5.868988228030503e-05,6.571772383500097e-05,6.414538656827063e-05
1088,6.577247973634965e-05,6.133251226856374e-05,6.57290685630869e-05,6.416551603469999e-05
1089,6.103999560259075e-05,5.581630379310809e-05,6.580071619634206e-05,6.400458560674451e-05
1090,6.85389262313644e-05,6.630400457652286e-05,6.584133866061973e-05,6.189833148382605e-05
1091,7.277887015435328e-05,6.055717851268128e-05,6.551113854058915e-05,6.0876292438479145e-05
1092,6.69941006183055e-05,6.690648355288431e-05,6.58547259589088e-05,6.10570761084091e-05
1093,6.627325084991753e-05,6.118389923358336e-05,6.57547585097038e-05,6.133505802717991e-05
1094,6.082024730858393e-05,9.20107145793736e-05,6.537511342321523e-05,6.08134582056664e-05
1095,6.920124926384435e-05,5.29308790282812e-05,6.53203938550885e-05,6.14172097411938e-05
1096,6.335120880976319e-05,6.432633541407995e-05,6.531652414737943e-05,6.146187873091549e-05
1097,6.480873505804791e-05,7.406814023852348e-05,6.520243810276345e-05,6.138936345814728e-05
1098,6.16154075315636e-05,6.347019807435572e-05,6.519357101674864e-05,6.138209234923125e-05
1099,7.059985424146159e-05,5.6378252775175494e-05,6.508788138776758e-05,6.149707831791603e-05
1100,6.97682404522008e-05,5.595778478891589e-05,6.503154685326282e-05,6.133483103476465e-05
1101,6.454531745273723e-05,5.623529723379761e-05,6.487447787755325e-05,6.124505854095334e-05
1102,6.458033674991586e-05,5.449459029478021e-05,6.505644028883478e-05,6.132603537407704e-05
1103,6.358478939445275e-05,6.034713500412181e-05,6.483592104212017e-05,6.20253367756959e-05
1104,7.07085207492734e-05,5.9528638812480497e-05,6.423424364539743e-05,6.176721348892898e-05
1105,6.029893724998045e-05,6.138147480669431e-05,6.385442651775924e-05,6.1451867694268e-05
1106,6.088779269096752e-05,5.2565002260962504e-05,6.370676222302588e-05,6.168665020377375e-05
1107,6.193542051025563e-05,7.018273667199538e-05,6.376815701466209e-05,6.029771382454782e-05
1108,6.159143730150794e-05,5.606363803963177e-05,6.372003286507808e-05,6.025984397856518e-05
1109,6.042831431841478e-05,5.4318775655701754e-05,6.378193669823102e-05,6.000659434357658e-05
1110,6.37058962699181e-05,5.828174558700994e-05,6.360691040366265e-05,5.910945825162344e-05
1111,6.382731584987293e-05,6.409535446437075e-05,6.35390956989593e-05,5.8655533217825e-05
1112,6.813202693592757e-05,5.46337002015207e-05,6.320423691649922e-05,5.897080782451667e-05
1113,6.184575534361001e-05,5.908819992328063e-05,6.289330813516344e-05,5.904868421494031e-05
1114,6.558905588462948e-05,5.7840724621200935e-05,6.306146005550141e-05,5.8857238397467886e-05
1115,6.302594506349931e-05,8.378653961699456e-05,6.279989480163851e-05,5.876026095938869e-05
1116,5.77369352362843e-05,5.410409634350799e-05,6.308111675284131e-05,5.834853674750776e-05
1117,5.7498672427350865e-05,5.9022838686360044e-05,6.295952535421951e-05,5.806336004752667e-05
1118,6.258164348158364e-05,6.705346197122708e-05,6.293142277378745e-05,5.86266657395754e-05
1119,6.235511709948898e-05,5.728730509872548e-05,6.277327694018218e-05,5.902675759280099e-05
1120,6.799814552424423e-05,5.1984132878715175e-05,6.263009656071922e-05,5.932223488925956e-05
1121,6.489880463858653e-05,5.79950945393648e-05,6.266114832057308e-05,5.917963032261468e-05
1122,6.0433077693839246e-05,5.1639737939694897e-05,6.257723736182218e-05,5.9537621727213254e-05
1123,5.9920039913979256e-05,5.2122072229394686e-05,6.240349063850266e-05,5.930081498227081e-05
1124,6.222838467995946e-05,6.426011794246733e-05,6.226542924317376e-05,5.8977443940239016e-05
1125,6.199502091880681e-05,5.790469454950653e-05,6.195733097685862e-05,5.8803375973366195e-05
1126,6.874911546118609e-05,5.144915179698728e-05,6.18944047429573e-05,5.861275343631859e-05
1127,5.8041205403343255e-05,5.2070154342800376e-05,6.17613253141624e-05,5.96012879483169e-05
1128,7.061533817452276e-05,5.005402970709838e-05,6.172915948425523e-05,5.829517791571562e-05
1129,6.766873578372826e-05,5.239922131295316e-05,6.189536022914883e-05,5.81868823064724e-05
1130,5.959637273917906e-05,7.546411710791289e-05,6.192233399746732e-05,5.82427053101128e-05
1131,5.693414685083553e-05,6.256729859160259e-05,6.189762192144473e-05,5.762275941378903e-05
1132,5.835591102368198e-05,7.756966908345931e-05,6.184395296990665e-05,5.750764904369135e-05
1133,6.236773129785434e-05,5.249852387350984e-05,6.151454710796114e-05,5.7484319215291184e-05
1134,5.8330540349642335e-05,6.326856077066622e-05,6.126711154712314e-05,5.798018570931163e-05
1135,5.936222818693043e-05,5.2361576963448896e-05,6.131833337939397e-05,5.821312335610855e-05
1136,6.037578096665028e-05,5.601107841357589e-05,6.123981612650419e-05,5.818068377848248e-05
1137,6.0429570278049345e-05,5.028200102970004e-05,6.099491553710929e-05,5.766589981794822e-05
1138,6.027259949607671e-05,5.432263649709057e-05,6.096308959887311e-05,5.728318141482304e-05
1139,6.226207016475706e-05,8.255408742115833e-05,6.050884501148378e-05,5.756015822116751e-05
1140,6.222179931582003e-05,5.113378880196251e-05,6.0616833045302584e-05,5.83632984693395e-05
1141,6.189195385862453e-05,5.139670611242764e-05,6.0089742662643805e-05,5.8297645699349235e-05
1142,5.817301663531301e-05,6.041841377737e-05,5.9837962445130364e-05,5.821041861490812e-05
1143,6.196384158101864e-05,5.155481456313282e-05,5.976693162228913e-05,5.851433606294449e-05
1144,6.101339331103696e-05,5.4409545846283436e-05,5.972825666184589e-05,5.825272462971043e-05
1145,5.976299897560643e-05,5.140088716871105e-05,5.964624891558843e-05,5.745958196639549e-05
1146,5.87129156176363e-05,7.039175688987598e-05,5.943993012301183e-05,5.7313755902578126e-05
1147,6.171362350061019e-05,5.746317910961807e-05,5.9363439877213546e-05,5.66928004816873e-05
1148,5.795710859173495e-05,5.1311082788743075e-05,5.9169279529305636e-05,5.686549128440673e-05
1149,5.6105869945086955e-05,5.139051892911084e-05,5.9060852415698005e-05,5.679129479976835e-05
1150,6.119937246290242e-05,4.833673447137699e-05,5.887616098868117e-05,5.704318981443065e-05
1151,5.739300077645263e-05,5.837357195559889e-05,5.897428690594905e-05,5.7164675515377885e-05
1152,6.074090624881339e-05,7.214866054710001e-05,5.894864399952995e-05,5.5921331723220645e-05
1153,5.7438078608053424e-05,4.8412710457341744e-05,5.880066645671225e-05,5.5786260351305826e-05
1154,6.137423034589221e-05,5.02185442019254e-05,5.867367422534798e-05,5.674686790443956e-05
1155,5.782060216814797e-05,8.306205330882221e-05,5.876619558241347e-05,5.6590988952666515e-05
1156,5.596727283975472e-05,5.602701276075095e-05,5.8514816205489395e-05,5.726356896921061e-05
1157,5.630571736724556e-05,5.774110250058584e-05,5.8368008075598886e-05,5.696222503902391e-05
1158,5.720976148343956e-05,4.885287227807566e-05,5.836330464145349e-05,5.7205010735197e-05
1159,5.641828420468503e-05,4.774467524839565e-05,5.819554184611964e-05,5.6571281841024766e-05
1160,5.450821948923274e-05,5.6678847031435e-05,5.815989021260369e-05,5.835107463644819e-05
1161,5.7665103126459545e-05,5.415616629761644e-05,5.827338552545472e-05,5.877527428674513e-05
1162,5.58122846026284e-05,5.657937639625743e-05,5.832389326096745e-05,5.862970236339607e-05
1163,6.272574742777376e-05,5.7359779020771384e-05,5.804622522991849e-05,5.908995142672212e-05
1164,6.162099750427944e-05,5.1470492617227135e-05,5.801258088500213e-05,5.9719266294268905e-05
1165,5.8522360745377634e-05,4.7757004504092036e-05,5.77597976844926e-05,5.899981459951961e-05
1166,5.871714807451806e-05,7.541189494077116e-05,5.7898271027079326e-05,5.8921398810343826e-05
1167,6.048605056195002e-05,5.652143998304382e-05,5.76817779505897e-05,5.9686993004288535e-05
1168,5.567935715791666e-05,6.836931497673504e-05,5.7679913143996e-05,5.846495901350863e-05
1169,5.734319006377417e-05,4.687594759161584e-05,5.7861135439371646e-05,5.8623237634310495e-05
1170,5.964541312197171e-05,5.747052957303822e-05,5.7717640825042814e-05,5.8308334165485584e-05
1171,5.451884573428995e-05,5.454853453557007e-05,5.7701496181349895e-05,5.845245234086178e-05
1172,6.082233266271134e-05,0.00010195799899520352,5.783233743697768e-05,5.9669055923586705e-05
1173,6.079449141301059e-05,6.191607404616661e-05,5.789010895694244e-05,5.9421192642184904e-05
1174,5.736856333290537e-05,4.7751220845384525e-05,5.780165517353453e-05,5.953678208461497e-05
1175,5.4257671686678404e-05,5.9842961054528135e-05,5.7820620077351735e-05,5.9168170738848854e-05
1176,5.655189215354363e-05,7.410644364426844e-05,5.7433335078207575e-05,5.870956874277908e-05
1177,5.4421326236075e-05,5.4162368178367616e-05,5.715160308172927e-05,5.859685983450617e-05
1178,6.089991217272149e-05,4.645231572794728e-05,5.6979769871233866e-05,5.883182587858754e-05
1179,5.596190343365177e-05,6.935839905054308e-05,5.703033871638278e-05,5.762853648921009e-05
1180,5.7773982003305316e-05,5.251120353932493e-05,5.674958436736942e-05,5.760706005676185e-05
1181,6.049783022414583e-05,5.99839782807976e-05,5.683532456298255e-05,5.707536848785821e-05
1182,5.271835200902489e-05,4.9868515779962764e-05,5.676235605367563e-05,5.7393801028956664e-05
1183,5.6806145391116536e-05,5.245582666248083e-05,5.659494404195963e-05,5.6941530192852955e-05
1184,5.968931559537951e-05,7.815976481651887e-05,5.654090671095118e-05,5.75292960886145e-05
1185,5.5952507488351936e-05,5.048226499638986e-05,5.652617466758885e-05,5.56309465871891e-05
1186,5.545375854126178e-05,5.704590235836804e-05,5.645063327004513e-05,5.505941552692093e-05
1187,5.6286407198058444e-05,4.7364092752104624e-05,5.629802617186216e-05,5.627637210418471e-05
1188,5.304362244916976e-05,4.5894729119027034e-05,5.660566647711676e-05,5.631331466720441e-05
1189,5.457769759232178e-05,4.865276991040446e-05,5.64965401750265e-05,5.5160147434799016e-05
1190,5.422653048299253e-05,5.3631155606126415e-05,5.6610951008042324e-05,5.532430748571643e-05
1191,5.998136920324113e-05,4.532966020633466e-05,5.649608461664887e-05,5.540024160873146e-05
1192,5.346719183661561e-05,5.598452917183749e-05,5.634093243796896e-05,5.456051607616247e-05
1193,5.7822862048245344e-05,5.507702575414442e-05,5.630467619468821e-05,5.4388522077351824e-05
1194,5.5518977331101064e-05,5.483676111907698e-05,5.636751077998068e-05,5.375773734995166e-05
1195,5.546011282907178e-05,4.616375867044553e-05,5.627124243700463e-05,5.4247854230925454e-05
1196,5.316791245907856e-05,6.924268192960881e-05,5.6140141671575195e-05,5.46435047814157e-05
1197,6.045403157865318e-05,5.4499261459568515e-05,5.581389963238811e-05,5.3460792824625985e-05
1198,5.890595647441741e-05,4.762779753946234e-05,5.585487104318519e-05,5.320407078543213e-05
1199,5.3553385878331025e-05,7.817513527697883e-05,5.5803285435669954e-05,5.413220947084483e-05
1200,6.194867931804361e-05,6.0766525130020455e-05,5.582840414523768e-05,5.4199921674444346e-05
1201,5.382373460128696e-05,4.527726283413358e-05,5.5685994643459304e-05,5.414847362262663e-05
1202,5.728159706147077e-05,5.8266369451303034e-05,5.5717415111656815e-05,5.49833517667139e-05
1203,5.8028252387885006e-05,4.835066880332306e-05,5.580990830785594e-05,5.484921203751583e-05
1204,5.208309896665418e-05,4.836526073631831e-05,5.543085593801354e-05,5.4823717472027055e-05
1205,5.686757592128641e-05,4.8211353569058705e-05,5.5318208833018106e-05,5.448210815084167e-05
1206,6.206869485645761e-05,4.421436009579338e-05,5.487242155165101e-05,5.428233981947414e-05
1207,5.031164343462377e-05,6.212143780430779e-05,5.502232927570326e-05,5.383873705868609e-05
1208,5.352862625538061e-05,6.234709042473696e-05,5.493153567723413e-05,5.3817352070473134e-05
1209,5.153326461570234e-05,4.859196589677595e-05,5.491368205871873e-05,5.2870306439581325e-05
1210,5.697679275827896e-05,4.40642140165437e-05,5.4789738636625564e-05,5.2411810171906833e-05
1211,5.416411835338093e-05,8.024936949368566e-05,5.460755337117006e-05,5.2642192997154786e-05
1212,5.6914374937251627e-05,4.905689784209244e-05,5.4485126703285556e-05,5.1578361206338745e-05
1213,4.9483384904710366e-05,4.4608527823584153e-05,5.441122256047998e-05,5.290402699902189e-05
1214,5.536320929725965e-05,6.952472351258621e-05,5.434727879457771e-05,5.324331198935397e-05
1215,5.6538860387970796e-05,5.02776623761747e-05,5.421842044953438e-05,5.260494102258235e-05
1216,5.0505059957180895e-05,4.46922960691154e-05,5.397581799964731e-05,5.2694305585464465e-05
1217,5.065101421172989e-05,4.74442961422028e-05,5.399124542988527e-05,5.274112453917042e-05
1218,4.667818001406785e-05,5.008281746995635e-05,5.375334126034027e-05,5.269401887780987e-05
1219,5.926667043240741e-05,4.374669209937565e-05,5.338695697007804e-05,5.3016313444823016e-05
1220,5.319027286734329e-05,4.562913396512158e-05,5.3355371195680665e-05,5.237293779500759e-05
1221,5.272157199619364e-05,4.5566541157313626e-05,5.3249478451066856e-05,5.176916459458879e-05
1222,5.7355446026324194e-05,4.303685476770625e-05,5.335863697724158e-05,5.2988703513983636e-05
1223,5.4351324838029944e-05,5.338736817066092e-05,5.3105292768385775e-05,5.408422737964428e-05
1224,5.0492719181218285e-05,5.1579340506577865e-05,5.310176620098193e-05,5.258134065661578e-05
1225,6.0101075747904056e-05,9.390816994709894e-05,5.2853057169057943e-05,5.271563956630416e-05
1226,5.222514045373019e-05,5.375938759243581e-05,5.2885693253160254e-05,5.267990364227444e-05
1227,5.406013843538757e-05,4.23070952820126e-05,5.267035213279693e-05,5.258136437041684e-05
1228,5.196319114070825e-05,5.058478287537582e-05,5.249353475681145e-05,5.338742484454996e-05
1229,5.246878472260303e-05,4.953573457896709e-05,5.258157454728563e-05,5.3285606775898477e-05
1230,5.0919971682661624e-05,4.703371203504503e-05,5.274068304667405e-05,5.313319192791823e-05
1231,5.29090875999019e-05,5.227172427112237e-05,5.281157137910163e-05,5.279784035228658e-05
1232,4.952199907468942e-05,4.603704655892216e-05,5.237146276582887e-05,5.287341146904509e-05
1233,5.088130764003532e-05,4.725276041426696e-05,5.231627166843585e-05,5.272909482009708e-05
1234,5.426222777007044e-05,7.908043888164684e-05,5.217593820869094e-05,5.388339453784284e-05
1235,5.064318753688389e-05,7.145231065806002e-05,5.195368258929294e-05,5.4156226271879856e-05
1236,5.407595416828473e-05,4.267720141797327e-05,5.1800586747251357e-05,5.4142228048294784e-05
1237,5.0696649139152015e-05,5.241437058430165e-05,5.181522447027317e-05,5.4103063046932225e-05
1238,5.0299287007267894e-05,4.371512972284108e-05,5.1478194672058134e-05,5.211386305163616e-05
1239,4.9979681288176736e-05,6.706124171614648e-05,5.1346065557542406e-05,5.245049322547858e-05
1240,5.211842598833351e-05,7.042917422950268e-05,5.126363858661432e-05,5.277587766177022e-05
1241,5.270605471903562e-05,4.2146844352828337e-05,5.130435119305426e-05,5.281565800542013e-05
1242,5.462872669644033e-05,4.363392494269647e-05,5.135583630730656e-05,5.269979216391222e-05
1243,4.845038832475742e-05,4.169902807916515e-05,5.142577285360959e-05,5.378662603907288e-05
1244,4.826395510058824e-05,4.563597001833841e-05,5.1328086198837904e-05,5.3986658831127e-05
1245,5.181049543251801e-05,4.202121774142143e-05,5.131113720158788e-05,5.4008070233976474e-05
1246,4.9213235502571076e-05,7.442403410095721e-05,5.1358153988904736e-05,5.564782428555191e-05
1247,5.1799055541373994e-05,4.985764811863192e-05,5.143237769144536e-05,5.424520783126354e-05
1248,5.052392878699013e-05,5.303741258103401e-05,5.133156767503048e-05,5.37543433252722e-05
1249,5.085866225676404e-05,5.060021547251381e-05,5.13945013756812e-05,5.367767617572099e-05
1250,5.167533079252785e-05,4.417817006469704e-05,5.142262104458901e-05,5.377760516130365e-05
1251,4.8921912590837264e-05,6.217514193849638e-05,5.141342500962007e-05,5.4079392051789906e-05
1252,5.1999464162185583e-05,5.0441706189303656e-05,5.136102771955646e-05,5.324038359103724e-05
1253,5.2981006301706654e-05,5.1579291466623544e-05,5.1059826804299125e-05,5.21563473274e-05
1254,5.3755912578910486e-05,4.66390885412693e-05,5.095428597156165e-05,5.220848544850015e-05
1255,5.266838534023716e-05,7.420455891406164e-05,5.069109785060088e-05,5.238044689176605e-05
1256,5.0466921230609945e-05,5.727254407247528e-05,5.060045575761856e-05,5.3543015511240816e-05
1257,4.909827414343858e-05,4.6572331630159166e-05,5.076224517947088e-05,5.351797311450355e-05
1258,5.2056727322956756e-05,8.82466117036529e-05,5.068313420973331e-05,5.4239062670967544e-05
1259,5.611782033358597e-05,4.401502752443776e-05,5.0665773146869867e-05,5.2975811265059756e-05
1260,4.8122937126512015e-05,5.9180698008276524e-05,5.0489007930122566e-05,5.3531870010192516e-05
1261,5.564929668455281e-05,4.0760522679192946e-05,5.044022653293925e-05,5.299784785311204e-05
1262,5.139964086184692e-05,5.4912595223868267e-05,5.0347265546992663e-05,5.309337579237764e-05
1263,5.006938613304454e-05,5.1259801984997466e-05,5.0094874645745016e-05,5.315292835002766e-05
1264,4.866974903658653e-05,4.608603019732982e-05,5.017960604244661e-05,5.226753797032871e-05
1265,4.458840310689993e-05,4.332826763857156e-05,5.012373350473353e-05,5.287904080178124e-05
1266,5.00675339005991e-05,4.3450297380331906e-05,5.017137962228541e-05,5.240804841450882e-05
1267,4.8049023672420944e-05,4.793296102434397e-05,4.998417666437389e-05,5.338062881783117e-05
1268,4.618433600019974e-05,7.076324356603437e-05,4.968897502387538e-05,5.195387945568655e-05
1269,5.230869064689614e-05,4.500991009990685e-05,4.9434124448938135e-05,5.1345646378467796e-05
1270,4.983272118907836e-05,6.0048456653021276e-05,4.940030951644681e-05,5.1572720558033325e-05
1271,4.877920893098538e-05,4.2842748953262345e-05,4.929445985876049e-05,5.006814775115345e-05
1272,4.737992512269153e-05,6.375911674695089e-05,4.893620391004434e-05,5.015242116933223e-05
1273,4.930439385740707e-05,3.968685865402222e-05,4.8927990738916885e-05,4.9341719161020585e-05
1274,4.853463760809973e-05,5.298841395415366e-05,4.84571019852107e-05,4.9513526423834264e-05
1275,4.5365558261336346e-05,4.56669840059476e-05,4.83806584455629e-05,4.952337616123259e-05
1276,5.104019750837728e-05,4.00403824460227e-05,4.840660849763985e-05,4.9085520394146444e-05
1277,5.0602650719358484e-05,6.57292769756168e-05,4.847891330573475e-05,4.88358281145338e-05
1278,5.417215924050348e-05,3.980448178481311e-05,4.8741303230215425e-05,4.918280041310936e-05
1279,4.907583863112248e-05,7.095359862432815e-05,4.873147609420508e-05,4.98229895660188e-05
1280,4.528834432777431e-05,3.853582486044616e-05,4.8656703156464366e-05,4.9669133542920464e-05
1281,4.4095656857179065e-05,4.206671714200638e-05,4.876365005798611e-05,4.8571419375366526e-05
1282,4.8252900831155586e-05,5.224918611929752e-05,4.853282532211677e-05,4.841026490030344e-05
1283,4.941048588079866e-05,5.063229153165594e-05,4.8447611750614465e-05,4.751877747767139e-05
1284,4.716142161568213e-05,4.61218629789073e-05,4.856637641334803e-05,4.759187259478495e-05
1285,4.7917607848325536e-05,3.89131478004856e-05,4.861757197391449e-05,4.663573329453357e-05
1286,4.387707784189843e-05,4.5055704249534755e-05,4.852667990360514e-05,4.6654515413683844e-05
1287,4.9488552370651936e-05,5.515883865882642e-05,4.852057131776949e-05,4.6800985306617816e-05
1288,5.071813743496831e-05,4.031340780784376e-05,4.849964242085764e-05,4.648056409205311e-05
1289,5.0477369238958797e-05,3.984372320701368e-05,4.827125139272541e-05,4.6960927278269094e-05
1290,5.114815121891701e-05,5.200257510296069e-05,4.8028412135156245e-05,4.5856939509394594e-05
1291,4.982185550034046e-05,5.9455026203067974e-05,4.758137376322542e-05,4.5802784524858014e-05
1292,4.617970022890303e-05,4.408656044688542e-05,4.7429156429684055e-05,4.486825969070197e-05
1293,4.885800853824346e-05,4.332038937718608e-05,4.733383698928973e-05,4.4849195171264015e-05
1294,4.653807225016256e-05,4.098104822332971e-05,4.744529394617227e-05,4.480385387432763e-05
1295,4.770238190152061e-05,3.776127108721994e-05,4.738003122668792e-05,4.445179616159295e-05
1296,5.1748325499324386e-05,4.467012688110117e-05,4.741460693977489e-05,4.42441162042087e-05
1297,4.865981413685303e-05,3.9855634240666405e-05,4.741629334894242e-05,4.387999573955314e-05
1298,4.7032092099673014e-05,4.015641163277906e-05,4.7255466670968525e-05,4.398875573533588e-05
1299,4.838192296220869e-05,5.6650161277502774e-05,4.7264061904570554e-05,4.3669364234665423e-05
1300,4.484233583853994e-05,3.765645364183001e-05,4.72126521081211e-05,4.492039681645111e-05
1301,4.5330421805071334e-05,5.204946210142225e-05,4.699119987700317e-05,4.485292140452658e-05
1302,4.4531669280129585e-05,3.812958275375422e-05,4.7092756930214826e-05,4.5093610332696705e-05
1303,4.299619994223273e-05,3.845060717139859e-05,4.692726924792321e-05,4.460075149836485e-05
1304,4.52704052925886e-05,4.759047777042724e-05,4.660293350575053e-05,4.369507970113773e-05
1305,4.290535831791607e-05,3.805921187449712e-05,4.636601074744249e-05,4.3484759039711204e-05
1306,4.688208077924274e-05,4.093318471859675e-05,4.612492446273488e-05,4.327606729057152e-05
1307,4.662133284404667e-05,4.34477433009306e-05,4.60578070301886e-05,4.334390609292314e-05
1308,5.027487870797308e-05,4.5440292597049846e-05,4.586687830564592e-05,4.4317296979716056e-05
1309,4.7203581844870416e-05,3.701885136251804e-05,4.5500430680436296e-05,4.4215550291119146e-05
1310,4.389694089897805e-05,4.16321476950543e-05,4.538781729449208e-05,4.4211828714469444e-05
1311,4.409195868194931e-05,3.7070916732773185e-05,4.520399385623427e-05,4.465166123700328e-05
1312,4.820330745941546e-05,8.643465320346876e-05,4.514141408467873e-05,4.394147835555485e-05
1313,4.5181831657019855e-05,3.862652250973042e-05,4.5032753053237686e-05,4.3999987817369396e-05
1314,5.301629556925036e-05,4.5860946411266926e-05,4.505704018487854e-05,4.367059656069613e-05
1315,4.701095916162659e-05,3.9681104244664314e-05,4.5164881089456484e-05,4.392309186805505e-05
1316,4.1713461946023424e-05,3.6813231272390116e-05,4.522888806273437e-05,4.382394009735435e-05
1317,4.025663127120222e-05,3.882854391122237e-05,4.513680780364666e-05,4.344227971450891e-05
1318,4.2830851420553196e-05,3.810309564869385e-05,4.5284818042354256e-05,4.395277420699131e-05
1319,4.486013643650545e-05,4.267701828212012e-05,4.51096843724372e-05,4.394420459575485e-05
1320,4.292916378795376e-05,6.209604325704276e-05,4.491947869763762e-05,4.368773786409292e-05
1321,4.258713486908366e-05,4.2126459666178564e-05,4.4600882699726057e-05,4.3457233961089516e-05
1322,4.5844479488247694e-05,3.976259482442401e-05,4.443660314071976e-05,4.360978537588381e-05
1323,4.243650614322784e-05,5.115222469612491e-05,4.4395146624689615e-05,4.344735078339e-05
1324,4.6817428673320035e-05,3.889558924129233e-05,4.4420559550053446e-05,4.356628349923994e-05
1325,4.212581005251397e-05,3.911919018719345e-05,4.435428219472265e-05,4.2304450567462484e-05
1326,4.593760009609266e-05,4.3814680684590715e-05,4.4317157110910764e-05,4.223903739766683e-05
1327,4.722769189457823e-05,4.444196543772705e-05,4.396524721976474e-05,4.215096747211647e-05
1328,4.4596374274179755e-05,3.5971812903881075e-05,4.3791628549095355e-05,4.201909654657357e-05
1329,4.296839881539604e-05,3.804896819929127e-05,4.384232020012052e-05,4.204977863118984e-05
1330,4.660561428560565e-05,5.082157418655697e-05,4.3830992593171283e-05,4.189461621863302e-05
1331,4.2503739031316296e-05,4.0718944437685425e-05,4.382475165119913e-05,4.1769778553862126e-05
1332,4.1866190974057344e-05,3.703607500938233e-05,4.371071480305142e-05,4.142573605640791e-05
1333,4.2309978760183894e-05,3.967769502196461e-05,4.36186718075381e-05,4.045018713222816e-05
1334,4.3096592869713076e-05,4.083263673237525e-05,4.3721143597698155e-05,4.026338605617638e-05
1335,4.286052799822452e-05,3.7571282882709055e-05,4.37732952462587e-05,4.0589708750485446e-05
1336,4.472728181604503e-05,4.004423462902196e-05,4.383270442194771e-05,4.009515637299046e-05
1337,4.6546373576145724e-05,5.488882990903221e-05,4.368310226159843e-05,4.0496311732567846e-05
1338,4.425370456172257e-05,3.699119326483924e-05,4.3756660986562365e-05,4.0370261587668215e-05
1339,4.421854829059965e-05,4.3659198272507634e-05,4.353718586563547e-05,4.0668193722376605e-05
1340,4.267049239489198e-05,3.638433110609185e-05,4.341765996424429e-05,4.043171894154512e-05
1341,4.2980753221652576e-05,3.7580283387796955e-05,4.3394868884610737e-05,4.0556155098602184e-05
1342,3.997344109747145e-05,3.494948359730188e-05,4.3205879046581684e-05,4.0594319798401564e-05
1343,4.267482787124916e-05,3.4982154029421506e-05,4.2906780472064085e-05,4.0006739951786594e-05
1344,4.2009215232812696e-05,3.407595584576484e-05,4.306287113027388e-05,3.97356457891874e-05
1345,4.0628088900120926e-05,3.7707320152549074e-05,4.3060028043045246e-05,3.970481916912832e-05
1346,4.514892962308497e-05,3.7456432764884084e-05,4.295615490441883e-05,3.948401552625001e-05
1347,4.714827070226117e-05,4.792066218215041e-05,4.275359556615715e-05,3.9176065693027345e-05
1348,4.392173553545338e-05,3.878841525875032e-05,4.2710147116708365e-05,3.9212061642319894e-05
1349,4.3077374664588004e-05,4.892447323072702e-05,4.2560522760484476e-05,3.911204343021381e-05
1350,4.396477817661232e-05,3.596793656470254e-05,4.22037403526095e-05,3.8551562710199506e-05
1351,4.045072207292024e-05,5.126298405230045e-05,4.210927736518594e-05,3.9400851257960316e-05
1352,4.423954435979896e-05,3.8530095916939896e-05,4.19448233523225e-05,3.92923207487911e-05
1353,4.402659728334078e-05,3.908271683030762e-05,4.1910890785382235e-05,3.924195020226762e-05
1354,3.824365286466976e-05,3.90030856942758e-05,4.1810453415382654e-05,3.945296265883371e-05
1355,3.912814992266552e-05,3.613207802118268e-05,4.1847737387999796e-05,3.9982940841582604e-05
1356,4.6406005486561396e-05,3.394159037270583e-05,4.1811091792058306e-05,4.009850358124822e-05
1357,4.1795113793341444e-05,3.626540950790513e-05,4.1809814446282374e-05,4.0052719999221155e-05
1358,3.971315029452348e-05,3.4157603950006886e-05,4.1769255806704886e-05,4.0050130087183793e-05
1359,3.803260941317098e-05,3.313389090180863e-05,4.155027489905479e-05,4.014931666606572e-05
1360,4.1774316762004874e-05,3.8471181615022945e-05,4.1297925874338645e-05,4.154228814586532e-05
1361,4.098667291044775e-05,3.754377932636999e-05,4.11364884392242e-05,4.1320622354396626e-05
1362,3.762681337927158e-05,4.0876811908674426e-05,4.1056143128500684e-05,4.079553201445379e-05
1363,4.1892129876133466e-05,5.8223406958859415e-05,4.0795316083919406e-05,4.10789349291008e-05
1364,4.010719796901362e-05,4.09459355432773e-05,4.0770566743999046e-05,4.19455585826654e-05
1365,4.18221782213853e-05,3.512506744300481e-05,4.09544407605103e-05,4.185659951472189e-05
1366,4.046981897166309e-05,4.2855594801949334e-05,4.070891848775015e-05,4.166170769894961e-05
1367,4.090554041289983e-05,4.8198938166024164e-05,4.074911873079449e-05,4.18349659856176e-05
1368,4.175868797271202e-05,3.787122252106201e-05,4.0799460306395004e-05,4.166722736263182e-05
1369,4.197728158841427e-05,3.293136629508808e-05,4.042246668363481e-05,4.1600972128799187e-05
1370,3.961412291068377e-05,3.7642572351614945e-05,4.027579667745158e-05,4.184092143841554e-05
1371,3.967440693183259e-05,3.9936097236932256e-05,4.04025111748423e-05,4.1918427581549615e-05
1372,4.0839545084357574e-05,8.274494917714037e-05,4.050306933673306e-05,4.20064807694871e-05
1373,3.988579965759224e-05,3.324677047203295e-05,4.0313687736892865e-05,4.197338311350905e-05
1374,4.106874189650019e-05,3.579721473215614e-05,4.0142149586204646e-05,4.1758297575870536e-05
1375,3.744410206208057e-05,4.305300943087786e-05,4.053323999881589e-05,4.1382037146831866e-05
1376,3.983198857491112e-05,7.292857539141551e-05,4.0298929633637376e-05,4.039085989061278e-05
1377,4.8836394772580305e-05,3.630611921835225e-05,4.031467625593197e-05,4.01341283635702e-05
1378,3.788854046433698e-05,3.421042143600061e-05,4.007278501845172e-05,4.0487919087172485e-05
1379,3.9248658940778116e-05,4.333454286097549e-05,3.9954547703059186e-05,4.0180350505397653e-05
1380,4.038668931267845e-05,3.193861244653817e-05,3.975534500754697e-05,3.951705386280082e-05
1381,3.6981164917556774e-05,3.228520952688996e-05,3.969084519517814e-05,3.944520672957879e-05
1382,3.8128363638760574e-05,4.226414224831388e-05,3.9635698115388444e-05,4.046872560575138e-05
1383,4.2881012729291496e-05,3.609525752835907e-05,3.9659998383204865e-05,4.040773233282379e-05
1384,4.054656346043986e-05,3.533522060024552e-05,3.955444881559944e-05,4.005615178029983e-05
1385,3.703977676600011e-05,3.7643740215571596e-05,3.950298893921878e-05,3.8022851021378296e-05
1386,3.669821914324226e-05,3.2166640885407105e-05,3.942374025694638e-05,3.910976844199467e-05
1387,4.740407369455271e-05,3.147030118270777e-05,3.937174924115727e-05,3.941771245445124e-05
1388,3.60343707466705e-05,3.344397555338219e-05,3.93752742259595e-05,3.8886597467353566e-05
1389,4.050086352637865e-05,3.452764736721292e-05,3.9294737149126984e-05,3.7350706406869e-05
1390,3.577489728437892e-05,4.3969835533061994e-05,3.8745690777270484e-05,3.751969069417101e-05
1391,3.7513886086849705e-05,3.516638025757857e-05,3.880723418308965e-05,3.784687491424848e-05
1392,3.592547302509451e-05,3.161652210110333e-05,3.876531186704395e-05,3.743618439475541e-05
1393,4.0146192663491496e-05,3.607504419051111e-05,3.871817697605971e-05,3.737577596912161e-05
1394,4.059860459367176e-05,5.8519338199403134e-05,3.863770560985561e-05,3.861962011142168e-05
1395,4.022162960609421e-05,3.61177405284252e-05,3.869228055894686e-05,3.829061286523939e-05
1396,3.703566774169707e-05,3.114658342383336e-05,3.8415938192823286e-05,3.8600530702387915e-05
1397,3.9553048174841224e-05,3.1912430204101837e-05,3.845468778260207e-05,3.8496194744948295e-05
1398,3.79045826007819e-05,6.0419705987442286e-05,3.835434735907862e-05,3.833102632779628e-05
1399,3.9768966501772715e-05,4.349581504357047e-05,3.825299646608376e-05,3.8325505316606724e-05
1400,3.753222668213615e-05,2.977513475343585e-05,3.7880402180275665e-05,3.847260726906825e-05
1401,3.7818561654098124e-05,3.4531298879301176e-05,3.790632388974901e-05,3.832334565522615e-05
1402,3.511023547616787e-05,4.0530726400902496e-05,3.785717765147435e-05,3.825117509113625e-05
1403,3.9427125609816155e-05,4.239002693793737e-05,3.807594894056416e-05,3.767592180520296e-05
1404,3.8200601039635434e-05,3.306727987364866e-05,3.799692384264846e-05,3.7851420778315505e-05
1405,3.920831703807279e-05,3.0428401805693285e-05,3.799817575620384e-05,3.872827990271616e-05
1406,3.496938076245392e-05,6.338131308439188e-05,3.780300009885752e-05,3.851460175355895e-05
1407,3.949273736604179e-05,3.403896109375637e-05,3.7646020407879005e-05,3.741055266873445e-05
1408,3.597245357620219e-05,4.384320345707238e-05,3.748761736496818e-05,3.748153957130853e-05
1409,4.151530320490969e-05,3.272682166425511e-05,3.7402117030190625e-05,3.749636746069881e-05
1410,3.4531266177913897e-05,3.3514529786771166e-05,3.7602454961678544e-05,3.7454351386986664e-05
1411,3.416444681837068e-05,3.2028615605668166e-05,3.7521150954287606e-05,3.698632737505249e-05
1412,3.808921654935047e-05,3.5147849994245915e-05,3.7326345910615704e-05,3.653040390927344e-05
1413,3.66824134835042e-05,2.971243520732969e-05,3.728080303925607e-05,3.788532391190529e-05
1414,3.927220756951202e-05,3.2723383264965376e-05,3.730107473093085e-05,3.784321987477597e-05
1415,4.124417951162387e-05,2.9588503384729847e-05,3.72934677631646e-05,3.735019534360618e-05
1416,3.553825863895731e-05,3.95538545853924e-05,3.719077143339544e-05,3.6939280261867675e-05
1417,3.595677086397902e-05,5.353800021111965e-05,3.7146425423432254e-05,3.681518137746025e-05
1418,3.526680122983331e-05,3.0733090461581014e-05,3.7053606857080015e-05,3.680373759707436e-05
1419,3.667411231920899e-05,3.091811107879039e-05,3.720416809374001e-05,3.622971683507785e-05
1420,3.6261553533323524e-05,3.789241309277713e-05,3.713847104227171e-05,3.624311620660592e-05
1421,3.4898159372258104e-05,3.151728065859061e-05,3.7016674076342805e-05,3.5712247833725994e-05
1422,4.456149646203913e-05,3.086202836129814e-05,3.677427901533924e-05,3.596609550586436e-05
1423,3.58719824160087e-05,4.8719105689087885e-05,3.682614944231722e-05,3.574179787246976e-05
1424,3.489884040997519e-05,3.2097728399094196e-05,3.6953751847775285e-05,3.586151137715206e-05
1425,3.639365489814534e-05,6.364813481923192e-05,3.678001417445355e-05,3.585503381618764e-05
1426,3.832535394596764e-05,3.347869795106817e-05,3.6725773201679764e-05,3.6221062662662003e-05
1427,3.4920061282011574e-05,2.8205113121657632e-05,3.663007232680684e-05,3.629994124639779e-05
1428,3.6859717365587133e-05,3.2117149894475004e-05,3.637132810755349e-05,3.624183799547609e-05
1429,3.709195079055563e-05,2.9964807763462885e-05,3.637073321685118e-05,3.598193617362994e-05
1430,3.688785287926698e-05,3.0142307296046055e-05,3.631011231837976e-05,3.513005458225961e-05
1431,3.873341167895382e-05,4.903079403447918e-05,3.617942212715409e-05,3.517723761033267e-05
1432,3.785031107933416e-05,3.437394538195804e-05,3.610842429156441e-05,3.510134639800525e-05
1433,3.2927529427979604e-05,3.057149413507432e-05,3.5956675835607e-05,3.47080393898068e-05
1434,3.545542667982065e-05,3.907301346771419e-05,3.590369618598035e-05,3.459055461280514e-05
1435,3.5828026852363516e-05,2.790708895190619e-05,3.542335614636411e-05,3.4515983427991165e-05
1436,3.735450695482238e-05,3.502145322272554e-05,3.535188154508231e-05,3.3700037247035655e-05
1437,3.3745774716307e-05,3.4985910970135594e-05,3.534902661421156e-05,3.37902648781892e-05
1438,3.532638916415939e-05,3.88631563691888e-05,3.518926357970082e-05,3.252379919285886e-05
1439,3.687968569768903e-05,3.4695347858360036e-05,3.5153922021304934e-05,3.390863322711084e-05
1440,3.477557403028994e-05,2.813592211168725e-05,3.5287840496392966e-05,3.412823459366336e-05
1441,3.552338637139959e-05,3.305630903923884e-05,3.5148342687332636e-05,3.397330385050735e-05
1442,3.44412484021935e-05,3.224096042686142e-05,3.5146669230986544e-05,3.461299071495886e-05
1443,3.199954644919166e-05,3.191266616340727e-05,3.523865856809102e-05,3.5192126280162486e-05
1444,3.489916642946708e-05,2.9020830770605243e-05,3.4985492828450844e-05,3.447769586928189e-05
1445,3.246784213438837e-05,2.805973788781557e-05,3.478011718721569e-05,3.46987387223635e-05
1446,3.357366813159185e-05,2.8580161233549008e-05,3.4911024285894305e-05,3.4881720028352005e-05
1447,3.255299547163304e-05,2.8997748740948738e-05,3.480426889727824e-05,3.4486840589670476e-05
1448,3.4085117383963535e-05,2.832045116520021e-05,3.480127927452688e-05,3.501631293329411e-05
1449,3.4827467138206376e-05,3.435341917793267e-05,3.478784643100678e-05,3.489108193898574e-05
1450,3.2399579035376924e-05,3.1986492685973645e-05,3.471165485001015e-05,3.4729614658863296e-05
1451,3.7441814986070515e-05,6.809954880736769e-05,3.4541867473874146e-05,3.433786345995032e-05
1452,3.826802315921264e-05,3.369514728547074e-05,3.432530221956161e-05,3.435830249509309e-05
1453,3.3372272139078835e-05,2.8243881315574983e-05,3.429068815619555e-05,3.475600360252429e-05
1454,3.705011438190316e-05,4.595697937475052e-05,3.4141443210440534e-05,3.4911029861541474e-05
1455,3.9187586306878884e-05,4.462069642613642e-05,3.4237348570119747e-05,3.482058207737282e-05
1456,3.240426818794933e-05,3.11700337624643e-05,3.4362843073742824e-05,3.522322619101033e-05
1457,3.27159200484554e-05,3.990001670899801e-05,3.433483027992123e-05,3.6141400979249734e-05
1458,3.620020689494494e-05,3.514602678478695e-05,3.429277242022282e-05,3.631244566640817e-05
1459,3.278654196441898e-05,2.9201027500675992e-05,3.4177787830089484e-05,3.648013070051093e-05
1460,3.5753286283579655e-05,4.114389754249714e-05,3.410496553486964e-05,3.640930842666421e-05
1461,3.70186858668199e-05,3.1890678365016356e-05,3.396659150231345e-05,3.63066591322422e-05
1462,3.184098519139095e-05,3.09492289670743e-05,3.385921889324285e-05,3.6408830067375675e-05
1463,3.1081704760759343e-05,2.9069376396364532e-05,3.3875427471260385e-05,3.669749345281161e-05
1464,3.146555433987588e-05,3.5206323736929335e-05,3.366703522705292e-05,3.522716347652022e-05
1465,3.391022244613851e-05,3.807844979746733e-05,3.3348760607704105e-05,3.493085397931282e-05
1466,3.179226272752405e-05,3.6931965514668266e-05,3.3228430687126494e-05,3.4964592222240756e-05
1467,3.6838882394173804e-05,2.9979765822645278e-05,3.3143730814077167e-05,3.4702433829079385e-05
1468,3.51369090397687e-05,4.197876900434494e-05,3.304409549067108e-05,3.4401858839555644e-05
1469,3.4198846583927256e-05,5.1975200476590545e-05,3.2976369534056476e-05,3.487106888787821e-05
1470,3.141639564192802e-05,3.2335855066776276e-05,3.304538325933714e-05,3.476526278245728e-05
1471,3.0699053378258314e-05,3.277228708611801e-05,3.2852608560481e-05,3.436493973131292e-05
1472,3.073243809113693e-05,2.7227191894780843e-05,3.275743409790771e-05,3.422329130698927e-05
1473,3.062576657005896e-05,2.5754218804650008e-05,3.260932854965278e-05,3.3898373309057196e-05
1474,3.214315191144124e-05,3.6907692556269464e-05,3.2594168706176186e-05,3.379740217496874e-05
1475,3.280479348581543e-05,3.9203077321872115e-05,3.257007895412648e-05,3.366645443747984e-05
1476,3.223200888088387e-05,3.134129940008279e-05,3.2606070740439466e-05,3.349180629447801e-05
1477,3.0311157675492317e-05,2.628740985528566e-05,3.267212423169339e-05,3.3792581273883117e-05
1478,3.0364024124638593e-05,2.908733738877345e-05,3.259973089863909e-05,3.343084763764636e-05
1479,3.493261755566992e-05,3.940301954571623e-05,3.2672210531664965e-05,3.324844961316558e-05
1480,3.669670322172654e-05,3.710632168804295e-05,3.231392370669507e-05,3.355959128966788e-05
1481,3.0711119272584455e-05,4.290028497052844e-05,3.2146812537717374e-05,3.343563571252162e-05
1482,3.444126318047185e-05,3.725486407347489e-05,3.198842672233392e-05,3.311507294565673e-05
1483,3.138083942354165e-05,2.513795050617773e-05,3.2250981623494435e-05,3.31806920687086e-05
1484,3.040718040008667e-05,2.5659816892584785e-05,3.2242138279737745e-05,3.335071078472538e-05
1485,3.2050647577206194e-05,3.302094759419561e-05,3.237619456922403e-05,3.3537875306501516e-05
1486,3.663968977990508e-05,2.9366400012804662e-05,3.235275861338272e-05,3.386540755600436e-05
1487,3.1238741390148385e-05,2.7675535529851914e-05,3.229215558045932e-05,3.3386644894198984e-05
1488,3.198149941858396e-05,2.4703172821318732e-05,3.216594689632378e-05,3.286653366376413e-05
1489,3.311689162122396e-05,4.272569822205696e-05,3.215267321809531e-05,3.296497146511683e-05
1490,3.210038911978093e-05,2.903510889154859e-05,3.2172415663889196e-05,3.290418428223347e-05
1491,3.360425355317097e-05,3.237201490264851e-05,3.221394770985676e-05,3.297411186649697e-05
1492,2.7881711769926672e-05,3.775830773520283e-05,3.201199535558569e-05,3.2889575434091974e-05
1493,3.095912981532618e-05,3.887987957568839e-05,3.196408740671662e-05,3.239065077650594e-05
1494,3.0239201199340943e-05,4.396113130496815e-05,3.1953579886046805e-05,3.1757616518007125e-05
1495,3.798026817094069e-05,3.3976333143073134e-05,3.179755429300712e-05,3.172557608486386e-05
1496,3.047796978434134e-05,3.702275498653762e-05,3.17031663154517e-05,3.194355638843262e-05
1497,3.4083845328293847e-05,3.190630493918434e-05,3.1667280532565196e-05,3.266636417392874e-05
1498,3.003986767402643e-05,3.394252504222095e-05,3.159326325799662e-05,3.227764538460179e-05
1499,3.062807608835606e-05,2.4938626011135058e-05,3.128189181532232e-05,3.2263309025438505e-05
1500,2.964957638242696e-05,2.6200296561000868e-05,3.130424731765136e-05,3.230877653113567e-05
1501,3.1900166925172215e-05,3.380224443390034e-05,3.143702231278035e-05,3.240216211997904e-05
1502,3.080471882033938e-05,2.4767730283201673e-05,3.137376065917326e-05,3.176846603746526e-05
1503,3.140232527382775e-05,3.083552699536085e-05,3.119561274854479e-05,3.1643174876808186e-05
1504,2.9883808698893216e-05,3.728960873559117e-05,3.117018488369973e-05,3.1349974489421585e-05
1505,3.5499004499999704e-05,2.463320524839219e-05,3.113053836172589e-05,3.09074522316223e-05
1506,3.0448431255839146e-05,2.707442850805819e-05,3.10407939068682e-05,3.115887030435261e-05
1507,3.054062335447977e-05,3.6453853244893256e-05,3.1003535667211205e-05,3.0547772176214494e-05
1508,2.9021139984656152e-05,3.058745809539687e-05,3.070805263503441e-05,3.0167985163279813e-05
1509,2.9510035827924083e-05,4.3730011529987675e-05,3.060416046929377e-05,2.9887827206403016e-05
1510,3.0200215712991647e-05,2.3302977861021646e-05,3.0485782930999343e-05,3.0378686269978063e-05
1511,2.885540371304766e-05,2.9007991033722648e-05,3.037197714689278e-05,3.001982144196518e-05
1512,3.179762894837445e-05,2.8812223172280936e-05,3.0260744244555495e-05,3.0179287749342617e-05
1513,3.5300874296808613e-05,2.7037812542403118e-05,3.0246463836374455e-05,3.0109121487475928e-05
1514,3.1535350281046704e-05,2.6883296159212476e-05,3.0057613417981578e-05,2.9673747110064138e-05
1515,2.7646691354069238e-05,2.5902829875121825e-05,2.993778532699151e-05,3.0264563881792127e-05
1516,3.296855693204432e-05,2.504200521798339e-05,2.9928399891408234e-05,3.0108665738953274e-05
1517,2.6890548720580734e-05,2.6695251290220767e-05,2.984360060630327e-05,3.0057297390885647e-05
1518,2.8715518443884017e-05,4.516533139394596e-05,2.9553081633073612e-05,3.046709033951629e-05
1519,2.9307745207916014e-05,2.86836781015154e-05,2.9527732874703358e-05,3.059240712027531e-05
1520,3.059319236652098e-05,2.4481657819706017e-05,2.9467334736626873e-05,3.05655946576735e-05
1521,2.7880665640825304e-05,3.001880606461782e-05,2.957675341604044e-05,3.0472837222623635e-05
1522,3.112440687093315e-05,4.417778152856044e-05,2.962580156502857e-05,3.0200888752005993e-05
1523,2.7194723071362304e-05,2.4970904341898858e-05,2.9651455289018073e-05,3.04297568887705e-05
1524,2.784725352992407e-05,2.8925283695571126e-05,2.9554865016446756e-05,3.0182005430106075e-05
1525,2.929256617790088e-05,2.444614001433365e-05,2.9357750624896855e-05,3.0023116001393645e-05
1526,2.7178906465350236e-05,2.2917884998605586e-05,2.8975126814071298e-05,2.9869320141733623e-05
1527,2.7809016545587736e-05,3.953814957640134e-05,2.8802967681905204e-05,2.9754461150150747e-05
1528,3.116768938424583e-05,2.6938073424389587e-05,2.8953353646243666e-05,2.9669446579646323e-05
1529,2.7763826571269118e-05,3.6005400033900514e-05,2.8829017337314633e-05,3.0214225532836285e-05
1530,2.8236030169258204e-05,3.4878028964158146e-05,2.8959514811382785e-05,3.055852712132037e-05
1531,2.981471229658281e-05,3.020734802703373e-05,2.9020956334716174e-05,2.996396998642013e-05
1532,2.9030669902567753e-05,3.578354167984798e-05,2.8862127787336552e-05,2.969535567972344e-05
1533,3.175660696999532e-05,2.8268522219150326e-05,2.8695410993370588e-05,2.9894067812711005e-05
1534,3.073623955262721e-05,3.693129976454657e-05,2.8674488112220487e-05,2.9793766021612106e-05
1535,3.084155881272939e-05,2.9024681280134245e-05,2.8551876142511092e-05,2.9029030978563247e-05
1536,2.6440646898764598e-05,2.2814204567112028e-05,2.8570430204045906e-05,2.8952822100836787e-05
1537,2.6869769159626835e-05,2.4839987454470246e-05,2.8546612924643945e-05,2.8747925854986534e-05
1538,2.5735279026169642e-05,2.3192916050902567e-05,2.8476555891069843e-05,2.8854543116176502e-05
1539,2.723137197689438e-05,2.401182136964053e-05,2.8524971798469776e-05,2.889063533657463e-05
1540,3.140634046253076e-05,2.3777465612511152e-05,2.8571059917643046e-05,2.827013633068418e-05
1541,2.986014920881846e-05,3.8661479047732426e-05,2.8415365291423058e-05,2.870927397016203e-05
1542,3.0152985572284604e-05,3.530279100232292e-05,2.8430116437084503e-05,2.8454160624824e-05
1543,3.025155652721878e-05,3.030140302143991e-05,2.8372766865585514e-05,2.8008528934151402e-05
1544,2.5337031523425443e-05,2.1968320434098133e-05,2.8232617895992005e-05,2.886746210424462e-05
1545,2.642527251737192e-05,2.9449461144395173e-05,2.821624140633503e-05,2.85986821676488e-05
1546,2.7357593612072782e-05,2.7511261287145316e-05,2.7929293629616342e-05,2.8497139854880513e-05
1547,2.8059107628198238e-05,2.505940545233898e-05,2.7746574322777126e-05,2.8198842010169752e-05
1548,2.7658574609732668e-05,2.3065682398737408e-05,2.752460266621913e-05,2.791961360344431e-05
1549,2.725182154487508e-05,2.3802877549314872e-05,2.750207316340594e-05,2.783103718393249e-05
1550,2.7541140338548253e-05,2.7111571544082835e-05,2.7519539973258762e-05,2.819863070471911e-05
1551,2.8389304150348633e-05,2.3820190508558882e-05,2.7571352936987142e-05,2.811129012989113e-05
1552,2.8961219524919418e-05,2.4025674429140052e-05,2.7652945755107793e-05,2.8117162654234562e-05
1553,2.727532372874622e-05,3.791651441133581e-05,2.7508458671541623e-05,2.8171991680574133e-05
1554,2.8132605212805274e-05,2.9627566400449724e-05,2.7437517401510076e-05,2.7539840091776565e-05
1555,2.680229088178344e-05,2.373723669734318e-05,2.7347974308617673e-05,2.7014332504768388e-05
1556,2.631098805674507e-05,5.168067727936432e-05,2.7109655707964624e-05,2.6700694202736482e-05
1557,2.862125766114332e-05,2.9064043264952488e-05,2.7095465208953507e-05,2.6882240151462604e-05
1558,2.458291255202817e-05,2.5729964399943127e-05,2.7136375447056104e-05,2.65435720080859e-05
1559,2.616825688164681e-05,2.947385364677757e-05,2.7072908315231976e-05,2.624827735271537e-05
1560,2.5292267398779383e-05,2.204397111199796e-05,2.702364297114804e-05,2.6237107541237484e-05
1561,2.5877409328434927e-05,2.059979407931678e-05,2.6957620366819255e-05,2.6281263002601913e-05
1562,2.730643940594746e-05,3.4029825474135575e-05,2.693736758940051e-05,2.6176380556717047e-05
1563,2.7030603119379116e-05,2.1009401680203156e-05,2.6862284461417906e-05,2.6300456906028555e-05
1564,2.927119242991062e-05,2.4158634478226304e-05,2.673424302241377e-05,2.616513109533116e-05
1565,2.7794163373376553e-05,2.514819127100054e-05,2.66260407253867e-05,2.6008591108256952e-05
1566,2.808661745802965e-05,2.2857689327793195e-05,2.6573979931062142e-05,2.5778034536051563e-05
1567,2.791440824997456e-05,2.2165101327118464e-05,2.651736098002099e-05,2.5566168251680206e-05
1568,2.4293591510892536e-05,2.24604454706423e-05,2.649752879838666e-05,2.61971851286944e-05
1569,2.4982269048147526e-05,2.650696915225126e-05,2.6503980700767394e-05,2.4927847407525407e-05
1570,2.744802846993682e-05,2.0982757559977473e-05,2.638218378059618e-05,2.4685144220711665e-05
1571,2.5770915316469553e-05,2.0128894902882166e-05,2.6427672171363762e-05,2.452957161876838e-05
1572,2.6827474026099984e-05,2.478016016539186e-05,2.642009863064029e-05,2.4224312393926083e-05
1573,2.600800950151299e-05,2.416956893284805e-05,2.6533519348110224e-05,2.4265440509771e-05
1574,2.6745502109406515e-05,2.118081640219316e-05,2.660273316578241e-05,2.430579763604328e-05
1575,2.566406213898315e-05,3.021348027687054e-05,2.6433131963131018e-05,2.3761737879249267e-05
1576,2.518826817524516e-05,2.0437045241123996e-05,2.6350137039359346e-05,2.4096208089031277e-05
1577,2.6256162099242728e-05,2.0112174752284773e-05,2.62803132214079e-05,2.3910625273128975e-05
1578,2.597380387063216e-05,3.2152600106201134e-05,2.618350836322255e-05,2.3752199765294793e-05
1579,2.6717131436776578e-05,2.433090929116588e-05,2.617550571788646e-05,2.365270025620703e-05
1580,2.63064863409252e-05,3.951265862269793e-05,2.607256861439156e-05,2.3899315240851143e-05
1581,2.6472285616263333e-05,1.9947234250139445e-05,2.6026007404854888e-05,2.3912459881103133e-05
1582,2.5576334656862955e-05,2.299646359460894e-05,2.616447251817186e-05,2.360201678675367e-05
1583,2.5720122321217785e-05,2.184064935136121e-05,2.604707787637987e-05,2.370514722861117e-05
1584,2.5978918363560096e-05,2.184237302572001e-05,2.5970763992841562e-05,2.3667866968025923e-05
1585,2.8127785335527732e-05,2.3072174008120784e-05,2.581368205897484e-05,2.386219928011997e-05
1586,2.7607754770239505e-05,2.1608722236123867e-05,2.5881795603102847e-05,2.3852733882085884e-05
1587,2.3066409339662642e-05,2.042833155428525e-05,2.570059138088254e-05,2.3941968094732142e-05
1588,2.495573002508738e-05,2.937115692475345e-05,2.5590446030481765e-05,2.3610891231510323e-05
1589,2.7525596981124384e-05,1.9519064080668615e-05,2.558661444943734e-05,2.378197269426892e-05
1590,2.537404191874278e-05,2.118755357514601e-05,2.548992815734689e-05,2.3801122319127898e-05
1591,2.7886551324627363e-05,2.0370201600599102e-05,2.5462805570310184e-05,2.3310601177217903e-05
1592,2.5340980662602103e-05,2.8330475943221244e-05,2.539211719122249e-05,2.3162172666343394e-05
1593,2.3129561272475662e-05,2.278906147694215e-05,2.5317501718139583e-05,2.238593477086397e-05
1594,2.844389688107185e-05,1.8745891793514602e-05,2.5314651258263943e-05,2.254055453086039e-05
1595,2.4513162425137126e-05,2.356101860641502e-05,2.5253216419433657e-05,2.2610470824292865e-05
1596,2.38630682280119e-05,1.9196888388250954e-05,2.52850847459437e-05,2.2694221948040655e-05
1597,2.2900425679431968e-05,2.9638467967743054e-05,2.5204317433559078e-05,2.2559641717816705e-05
1598,2.7710848104713175e-05,2.393293398199603e-05,2.512510466444332e-05,2.2489217582915448e-05
1599,2.2215396553898852e-05,2.341167171834968e-05,2.4980795770049253e-05,2.2391930552839774e-05
1600,2.291042837896384e-05,2.1936558696324937e-05,2.496823970399823e-05,2.2347142720536796e-05
1601,2.5092478649134542e-05,2.471408181008883e-05,2.4844687231072588e-05,2.2096413235703953e-05
1602,2.38390047969814e-05,2.0590915373759343e-05,2.4978983003691413e-05,2.239710429712432e-05
1603,2.5295739194714568e-05,1.988957155845128e-05,2.4920932638310156e-05,2.2287415443861396e-05
1604,2.494992195958427e-05,2.0620196519303135e-05,2.471414910639093e-05,2.230680103093619e-05
1605,2.4441099513852452e-05,2.0106711235712283e-05,2.478450585703185e-05,2.2025368944741786e-05
1606,2.640102411937227e-05,2.3812728250049987e-05,2.4943853193609463e-05,2.184651715797372e-05
1607,2.4040463686105795e-05,2.47443709304207e-05,2.4682307959463088e-05,2.1838742139516396e-05
1608,2.651683048396889e-05,2.3934427445055918e-05,2.4602716878386368e-05,2.1666634234134106e-05
1609,2.3959735553944483e-05,1.8477867270121353e-05,2.4609795316549327e-05,2.1758401379338465e-05
1610,2.614746610763379e-05,2.1311570635589304e-05,2.467090296445854e-05,2.209804831945803e-05
1611,2.4000032410387776e-05,1.917654648423195e-05,2.45700591665809e-05,2.185874911956489e-05
1612,2.275250768838709e-05,1.9308635746710933e-05,2.459638921589228e-05,2.212855534744449e-05
1613,2.1866918201946344e-05,2.310291980393231e-05,2.453810305257017e-05,2.2135835373774174e-05
1614,3.088299129659491e-05,2.7036340616177767e-05,2.4474250821771823e-05,2.2289157495833937e-05
1615,2.392278278421145e-05,1.844533224357292e-05,2.4513900231169016e-05,2.2243221933604222e-05
1616,2.2716963026646733e-05,2.085484127746895e-05,2.4465267667417514e-05,2.2662258360651328e-05
1617,2.7099899428624972e-05,2.1294673788361253e-05,2.4437895534922263e-05,2.2891863787663177e-05
1618,2.7113244686916006e-05,1.8317766807740556e-05,2.436216779913391e-05,2.2886005367035982e-05
1619,2.1905266027412533e-05,1.855151633208152e-05,2.4176291791728644e-05,2.275731371919392e-05
1620,2.2523385398219236e-05,1.9258320971857756e-05,2.4199311316058612e-05,2.2533318726345903e-05
1621,2.404002918208587e-05,2.1491067018359898e-05,2.4084395688421666e-05,2.2386670028208764e-05
1622,2.442811687716231e-05,3.8129641470732164e-05,2.4079289467934158e-05,2.235859877837357e-05
1623,2.5189753157772228e-05,1.7950453984667546e-05,2.385726279947752e-05,2.2195941770041827e-05
1624,2.287364778668335e-05,3.0156827415339647e-05,2.378251672392556e-05,2.2445264628913718e-05
1625,2.1453274295911088e-05,2.2118559354566968e-05,2.3810036245494206e-05,2.2434981224068904e-05
1626,2.3496172879175802e-05,2.854713486158289e-05,2.3983217871379264e-05,2.2273612114076967e-05
1627,2.4830240031911266e-05,1.9442526318016464e-05,2.3639350954262124e-05,2.2146274127590007e-05
1628,2.4079925100927033e-05,3.0365482234628872e-05,2.3533387956235347e-05,2.2270603162178303e-05
1629,2.4265618647202953e-05,2.6360332194599324e-05,2.348078365111077e-05,2.235620906576514e-05
1630,2.254790611914359e-05,1.9960250720032492e-05,2.3264265728519402e-05,2.2290286331553945e-05
1631,2.175412393424065e-05,2.0595437053998466e-05,2.3053436096718847e-05,2.264529463573126e-05
1632,2.4615951794354866e-05,1.9144496109220198e-05,2.3041433355441164e-05,2.2647176969621796e-05
1633,2.3643939793045218e-05,2.026820999162737e-05,2.298032127049131e-05,2.254262275091605e-05
1634,2.3832080041756854e-05,1.7776086024241523e-05,2.2876609991524474e-05,2.249859671865124e-05
1635,2.059679939621775e-05,1.724514542729594e-05,2.278619416643374e-05,2.1654172710259444e-05
1636,2.2131380521588857e-05,2.540961795602925e-05,2.2578767201695073e-05,2.1640453647705724e-05
1637,2.344049572760317e-05,1.905155062559061e-05,2.2553469982651425e-05,2.1448974630038722e-05
1638,2.619645884907287e-05,1.9068692054133863e-05,2.267434804056797e-05,2.1276807309186553e-05
1639,2.2286318368666496e-05,2.385289095400367e-05,2.2575564421681014e-05,2.104825277783675e-05
1640,2.1273707833542076e-05,2.1553558108280414e-05,2.2544250125550507e-05,2.1285846988030246e-05
1641,2.140185539853216e-05,2.299498886713991e-05,2.2507347948461147e-05,2.0783721427142154e-05
1642,2.1686951363840814e-05,1.9646605433081278e-05,2.237971916684829e-05,2.118561608222081e-05
1643,2.1842503891902096e-05,2.7192974412173497e-05,2.2346888328158655e-05,2.122057203523582e-05
1644,2.1605197495470445e-05,1.8598574679344893e-05,2.2327015843863285e-05,2.178620436170604e-05
1645,2.0995583274472867e-05,1.6644465504214167e-05,2.2326789074415698e-05,2.1961031021783136e-05
1646,2.1447247207914996e-05,2.0390416211739647e-05,2.2200115559907212e-05,2.1984936954686426e-05
1647,2.216772124989398e-05,1.701904126093723e-05,2.2106672142561157e-05,2.2422010282753036e-05
1648,2.0004079039305605e-05,1.760747742082458e-05,2.227776789513882e-05,2.2593592069461013e-05
1649,2.2241217310592118e-05,2.536985197366448e-05,2.2257999267539056e-05,2.2340375906787817e-05
1650,2.447522574382472e-05,1.7814376333262773e-05,2.2139370977755686e-05,2.2325291711604224e-05
1651,2.1026582407001923e-05,2.283327157783788e-05,2.1902221060817178e-05,2.2281223116442564e-05
1652,2.4047382628648646e-05,2.5382381572853774e-05,2.181393354678423e-05,2.222050755226519e-05
1653,2.3157370673693043e-05,1.781234321242664e-05,2.1754431144897052e-05,2.2479469023528514e-05
1654,2.1074899106881478e-05,3.640769857156556e-05,2.1728863336708553e-05,2.24484762919019e-05
1655,2.1727135151902782e-05,2.0834149545407854e-05,2.1691375122787175e-05,2.2812016350508205e-05
1656,2.1257311826856393e-05,3.473624521575403e-05,2.1703257391184e-05,2.266411453892943e-05
1657,2.4610282558165233e-05,2.3515162611147388e-05,2.1683374672203275e-05,2.259608554595616e-05
1658,2.0477101930333044e-05,2.0865858314209618e-05,2.1662664137612513e-05,2.2586620238143953e-05
1659,2.149599460810552e-05,2.8702919225906954e-05,2.163726438819948e-05,2.247959530941444e-05
1660,2.487419321065924e-05,2.1534690094995313e-05,2.153922105676934e-05,2.2454082375043075e-05
1661,2.163716483159482e-05,1.907921388919931e-05,2.1525533367013043e-05,2.2460731345927346e-05
1662,2.047478848301883e-05,1.8674445746000855e-05,2.142537080152478e-05,2.223153314262163e-05
1663,2.0267710925610218e-05,1.7966977175092325e-05,2.1350223434759153e-05,2.2441114578396088e-05
1664,2.0079130517842714e-05,2.233500184956938e-05,2.1282997720441523e-05,2.2139012609841308e-05
1665,1.978614778636256e-05,2.8027594889863395e-05,2.115156202037017e-05,2.186192669469165e-05
1666,2.076266019381971e-05,2.222017057647463e-05,2.102348106305322e-05,2.1863609064894267e-05
1667,2.074974601580632e-05,2.8735106898238883e-05,2.1229298755739975e-05,2.1152164817613086e-05
1668,2.213956060182277e-05,2.349542912270408e-05,2.1105467533278794e-05,2.12098327363492e-05
1669,2.1108129520952288e-05,1.689784985501319e-05,2.108336600374767e-05,2.0418678266287316e-05
1670,2.0477819909703815e-05,1.6407832808909007e-05,2.098329881377544e-05,2.0198861420794856e-05
1671,2.0812253472589265e-05,1.771479299350176e-05,2.0917561967184555e-05,2.001341153081739e-05
1672,1.971663796414052e-05,1.6381217901653143e-05,2.0888509149113408e-05,1.972775166941574e-05
1673,1.9661886795398053e-05,1.7773701692931354e-05,2.081850019328865e-05,1.9470191105210688e-05
1674,1.97371531733855e-05,1.9639896891021635e-05,2.0719917241917253e-05,1.9365307049883994e-05
1675,2.2596541574684023e-05,2.3053912227624095e-05,2.0675899929321734e-05,1.959555035136873e-05
1676,1.934593954906126e-05,1.528072236396838e-05,2.068706862385928e-05,1.9728765675972683e-05
1677,2.0761490126864777e-05,1.8455233694112393e-05,2.0711515062430412e-05,1.9796929483709392e-05
1678,1.9955346740769324e-05,1.7854402467492037e-05,2.065277735366383e-05,1.927541009936249e-05
1679,2.6220341424050276e-05,1.862159238953609e-05,2.0599755504614832e-05,1.9012230733642357e-05
1680,1.8631354590373423e-05,2.227584751381073e-05,2.05418533676291e-05,1.8910078098997474e-05
1681,2.0704773588578165e-05,1.495738346420694e-05,2.049721278534788e-05,1.868002118135337e-05
1682,2.210860280885956e-05,1.8019741473835894e-05,2.0375247282047185e-05,1.9081379476119767e-05
1683,1.8833680765561037e-05,1.622961106477305e-05,2.038771514117898e-05,1.9016059846035207e-05
1684,2.07696741563268e-05,2.1561422690865585e-05,2.032172630246754e-05,1.9085702107986436e-05
1685,2.3123969315040287e-05,1.509567598986905e-05,2.0378191713987486e-05,1.9022477651014924e-05
1686,1.9172591047309753e-05,1.645711250603199e-05,2.0390250667858503e-05,1.9058960161055436e-05
1687,1.93743556681309e-05,2.4430528283119203e-05,2.0373529208073803e-05,1.9703589331766124e-05
1688,2.054692828904889e-05,2.1297360290191137e-05,2.033306843481518e-05,1.9438930851174518e-05
1689,2.0690291482120907e-05,2.4039097042987122e-05,2.036962621059502e-05,1.9505339111492505e-05
1690,1.8317705067198e-05,1.4989610281190836e-05,2.027179565759273e-05,1.936521558091045e-05
1691,1.9437113967594795e-05,1.5640686433471275e-05,2.0182567297403393e-05,1.9343846238916744e-05
1692,1.9302192591163072e-05,2.6181291032116862e-05,1.9937363300010076e-05,1.9590242134290754e-05
1693,2.1023546044792358e-05,1.7744006181601436e-05,1.9937550618568724e-05,1.9420326565159494e-05
1694,1.8058991938434904e-05,2.6931807224173098e-05,1.990261805937432e-05,2.0296459086239347e-05
1695,2.078951638799885e-05,1.4774842056795024e-05,1.9792169727588774e-05,2.0402994510368448e-05
1696,1.9162532504803192e-05,1.9455849542282522e-05,1.9988102481955948e-05,2.0594076285487977e-05
1697,2.1128273252139074e-05,1.4800606477365363e-05,1.9986187982188617e-05,2.0319699580431914e-05
1698,1.9963360642173533e-05,1.868576444394421e-05,1.981027386557091e-05,2.0895951404236256e-05
1699,1.9319116678767992e-05,3.57556261587888e-05,1.9861724237610664e-05,2.102780803106725e-05
1700,2.1585022243218393e-05,1.6437450212833938e-05,1.9854505085822894e-05,2.0697657689743207e-05
1701,2.0259883943557118e-05,1.6940928871918005e-05,1.979424805168593e-05,2.0401365910947785e-05
1702,1.8315726301807444e-05,1.4952145429560914e-05,1.975054394950146e-05,2.006887626921525e-05
1703,1.772463773603603e-05,1.7320168917649427e-05,1.981190464794054e-05,2.0331193681340665e-05
1704,2.009024148921728e-05,2.478148977388628e-05,1.981379319129499e-05,2.0313290790363682e-05
1705,1.8636037554339662e-05,1.8027958285529168e-05,1.9751531659292394e-05,1.9873725117940923e-05
1706,1.9831459608718028e-05,3.686069649120327e-05,1.968481619430046e-05,1.9973927079990972e-05
1707,1.9347394514220974e-05,2.0683127077063545e-05,1.9662493414539816e-05,1.9563192428904587e-05
1708,2.3731999624740436e-05,2.100665544276126e-05,1.9486289809396512e-05,1.9538008389645256e-05
1709,2.072181166214351e-05,1.4702005064464174e-05,1.941977610153521e-05,1.936310631572269e-05
1710,1.8726116399597636e-05,2.9501971584977583e-05,1.9477946665089495e-05,1.939063715253724e-05
1711,2.0458850348303612e-05,1.975352817680687e-05,1.9425892170935787e-05,1.9300285568169783e-05
1712,1.919387687343664e-05,1.617676975001814e-05,1.9339090948293837e-05,1.8557172738655935e-05
1713,1.9040502435624756e-05,1.3890065820305609e-05,1.9217845562687013e-05,1.8482879991643133e-05
1714,1.95976889275092e-05,1.5726855999673716e-05,1.9138112653632156e-05,1.8525273971317807e-05
1715,1.9851722528174935e-05,2.1547545584326146e-05,1.9152972824344442e-05,1.8669176779803822e-05
1716,1.9484327551456063e-05,1.5193114159046672e-05,1.9131669038567152e-05,1.883425337728113e-05
1717,1.7745654291098213e-05,1.519214922154788e-05,1.9031280304706246e-05,1.850495744001819e-05
1718,1.9355659419994076e-05,2.0249055232852697e-05,1.9000572081616462e-05,1.8650762365723494e-05
1719,1.7500922444418798e-05,1.666344094701344e-05,1.8934113607166282e-05,1.775699991558213e-05
1720,1.638442625941631e-05,1.4145241075311787e-05,1.8840873132285195e-05,1.7614955839235335e-05
1721,1.7499689808270583e-05,1.5083297694218344e-05,1.8553462886807714e-05,1.7418563189858107e-05
1722,2.2582537340996268e-05,1.5488877397729085e-05,1.8400318607099403e-05,1.7542620426684155e-05
1723,1.8661998288330828e-05,1.6426974834757857e-05,1.833787888301433e-05,1.6965295441332275e-05
1724,1.7149086112719184e-05,1.7177805420942605e-05,1.8229551565794585e-05,1.695310035138391e-05
1725,1.855388760304777e-05,1.4580131537513808e-05,1.8245723524402516e-05,1.7069021974748466e-05
1726,1.826656121718568e-05,1.8000778363784776e-05,1.8227024719332497e-05,1.7161865803063843e-05
1727,1.868723056961446e-05,1.8549715641711372e-05,1.821611058047791e-05,1.733890275354497e-05
1728,1.7192043091603813e-05,2.144708385458216e-05,1.8111853410987853e-05,1.7002255129045807e-05
1729,1.7580523142694597e-05,1.654909134231275e-05,1.8026693240002105e-05,1.7223728624230714e-05
1730,1.786833197709509e-05,2.167308142816182e-05,1.8158499653428507e-05,1.7555963380436877e-05
1731,1.816999774746364e-05,1.4516635237669107e-05,1.8059699742864015e-05,1.736648616933963e-05
1732,1.70163826421938e-05,1.7132025168393738e-05,1.7995379564349104e-05,1.7346622288459914e-05
1733,1.654674348780342e-05,1.6096839208330492e-05,1.8038674648495444e-05,1.7996061107260177e-05
1734,1.6893204669435766e-05,1.7803435985115356e-05,1.804464272063342e-05,1.808183039247524e-05
1735,1.7165123297470726e-05,1.5068846951180603e-05,1.788012060399827e-05,1.7980718857143073e-05
1736,1.7750667417809988e-05,1.9448650928097777e-05,1.780346491165498e-05,1.7841354895790572e-05
1737,1.959817583863494e-05,1.9074810334132054e-05,1.782354293188999e-05,1.8200784432701767e-05
1738,1.8573032308874343e-05,1.6211161528190134e-05,1.7781967599795383e-05,1.8116978368198032e-05
1739,1.9324835456144583e-05,2.0152779761701822e-05,1.7725364740262096e-05,1.792032618395751e-05
1740,1.7245293290923454e-05,1.3131354971847032e-05,1.777087266471224e-05,1.7712124589888844e-05
1741,1.7355323276812365e-05,2.0729951538669413e-05,1.7747868305741576e-05,1.7679487973509823e-05
1742,2.104081462675822e-05,2.3498018126701936e-05,1.76871580619061e-05,1.7680228060635274e-05
1743,1.688566165588175e-05,1.5512124955421315e-05,1.7641489276219447e-05,1.7332218930823726e-05
1744,1.5892917981545907e-05,1.6166843925020657e-05,1.7577846670772285e-05,1.724979724967852e-05
1745,1.7466803363074884e-05,3.0381211545318365e-05,1.752255565410855e-05,1.718096126860473e-05
1746,1.7648891611719997e-05,1.7227529824594967e-05,1.7550651811971977e-05,1.7222589052107647e-05
1747,1.846948442511752e-05,1.2961089014424943e-05,1.7565777572437786e-05,1.729328625806374e-05
1748,1.6745605979748588e-05,1.294287580094533e-05,1.7557528090724695e-05,1.737093461852055e-05
1749,1.7651036618594337e-05,2.6163543843722436e-05,1.7488828414530468e-05,1.7176192640908995e-05
1750,1.751450430068265e-05,1.248497992492048e-05,1.741556420173664e-05,1.73595015425235e-05
1751,1.685148972885347e-05,1.3084473757771774e-05,1.7395730312839282e-05,1.7738617524446456e-05
1752,1.9824928680868146e-05,1.3344675789994653e-05,1.729742994252269e-05,1.7415025763330053e-05
1753,1.6616934117337224e-05,2.0631168445106597e-05,1.7272832101783327e-05,1.7381954862503335e-05
1754,1.6062767046807696e-05,1.6567593520449008e-05,1.7211165900435945e-05,1.70974886539625e-05
1755,1.6726612334928682e-05,1.2972853182873223e-05,1.7102594476535967e-05,1.675096190447221e-05
1756,1.6578932611284673e-05,1.2456093209038954e-05,1.710919794196444e-05,1.6677038701891436e-05
1757,1.5634107225600425e-05,1.5411125641549006e-05,1.714622614866433e-05,1.6540144472674002e-05
1758,1.7249147434389062e-05,1.7137533795903437e-05,1.715163616730327e-05,1.6012844572833272e-05
1759,1.727134868108098e-05,1.9570866134017705e-05,1.7100146410909173e-05,1.5817028013407252e-05
1760,1.6958886254643504e-05,1.7010055962600746e-05,1.705264546989282e-05,1.5835880245140287e-05
1761,1.6033175512954282e-05,1.458010148780886e-05,1.7098209608714874e-05,1.5839689716813155e-05
1762,1.7766570518789294e-05,2.365753287449479e-05,1.7058734564084765e-05,1.529422508610878e-05
1763,1.8077185086440294e-05,2.5689061076263897e-05,1.6987840975020337e-05,1.5362563770031557e-05
1764,1.6867326198229824e-05,1.206298573379172e-05,1.692004620466226e-05,1.5575174443074503e-05
1765,1.6630347272439393e-05,1.2304582451179158e-05,1.6783714444803386e-05,1.5766008094942662e-05
1766,1.5813668243127824e-05,1.3618296325148549e-05,1.688364202935999e-05,1.567446354456479e-05
1767,1.8326529029258785e-05,1.4834849389444571e-05,1.686790273346964e-05,1.557568241842091e-05
1768,1.7050748291593563e-05,1.3664044890902005e-05,1.6799712245119735e-05,1.5566520286665764e-05
1769,1.6818623149043157e-05,1.2744488194584847e-05,1.6811482424802507e-05,1.5536349166359286e-05
1770,1.76020538290484e-05,1.7198714049300177e-05,1.6776784207548996e-05,1.5571419250045437e-05
1771,1.6361647701867493e-05,1.2332115838944446e-05,1.6725697225936325e-05,1.5447645461244975e-05
1772,1.7281960899708793e-05,1.3432394807750824e-05,1.6691967827500776e-05,1.5356665254512336e-05
1773,1.788470945029985e-05,1.3038112592766993e-05,1.6656231932574882e-05,1.5190662526583764e-05
1774,1.6664160502841695e-05,1.2526928076113109e-05,1.661772735355448e-05,1.507194950245321e-05
1775,1.5742164574071974e-05,1.4193447022989857e-05,1.6502808470977474e-05,1.5041797765297816e-05
1776,1.5156620469901503e-05,1.8399740583845413e-05,1.6469090063765183e-05,1.4749869066872634e-05
1777,1.6416634684396236e-05,1.8115517086698673e-05,1.645003793495966e-05,1.4765112353779844e-05
1778,1.9115123731252324e-05,1.8342554685659707e-05,1.6478162840940057e-05,1.4798964373767376e-05
1779,1.5669284649549e-05,1.4098065366852098e-05,1.661079907046062e-05,1.4833021657250356e-05
1780,1.5021850126181057e-05,1.2743799888994545e-05,1.6478366922173235e-05,1.492224027606426e-05
1781,1.687318710335401e-05,1.1701815201377031e-05,1.6420491521906417e-05,1.504999300086638e-05
1782,1.4766651794262644e-05,1.6287877733702772e-05,1.641724882889927e-05,1.503932731866371e-05
1783,1.5971972894072274e-05,1.404318907589186e-05,1.6355152669065217e-05,1.4879356164601634e-05
1784,1.642811372019221e-05,1.729636096570175e-05,1.6301322266614682e-05,1.501192601717776e-05
1785,1.6065488881496195e-05,1.285998776438646e-05,1.6237167977993115e-05,1.494337236508727e-05
1786,1.5070561037444148e-05,1.1612275884544942e-05,1.6143679010242016e-05,1.4940957966609856e-05
1787,1.489359845436411e-05,2.2903739445609972e-05,1.6112274371941265e-05,1.4974019565852359e-05
1788,1.7234224906133022e-05,1.8390843615634366e-05,1.6222077076640238e-05,1.5234094580227974e-05
1789,1.639102297809182e-05,1.24440679064719e-05,1.6261721409035898e-05,1.5066105335426982e-05
1790,1.733346992194937e-05,1.3150882950867527e-05,1.6242704235224262e-05,1.4880428048491012e-05
1791,1.9129573981141827e-05,1.4469728412223049e-05,1.6032042560174082e-05,1.4719992512254973e-05
1792,1.5015725322074205e-05,1.7065314859792125e-05,1.6018019718790634e-05,1.5030435507651416e-05
1793,1.5603863284923137e-05,1.6857863010955042e-05,1.60934575246453e-05,1.5059693393413904e-05
1794,1.6737555823864466e-05,1.2477846139518078e-05,1.6003726258673445e-05,1.533256625261856e-05
1795,1.6049649833197085e-05,1.3199435197748244e-05,1.604270570937337e-05,1.5204805620305705e-05
1796,1.501588764060418e-05,1.5646362153347583e-05,1.60318464593729e-05,1.598301917983917e-05
1797,1.5678103684169602e-05,1.1718553505488671e-05,1.6117360876038828e-05,1.5843206773570272e-05
1798,1.5547485256522324e-05,1.2977752630831674e-05,1.6066695488310262e-05,1.607101008266909e-05
1799,1.5879044545322863e-05,1.3353468057175633e-05,1.604838318679766e-05,1.674885348766111e-05
1800,1.8487232191546356e-05,2.0695322382380256e-05,1.6109463095199315e-05,1.6604121535783633e-05
1801,1.6147728779792993e-05,1.4200009463820606e-05,1.601407298342868e-05,1.658062120404793e-05
1802,1.5941205339105283e-05,1.3473584913299418e-05,1.6025689386070656e-05,1.7388693035172765e-05
1803,1.3848581854997772e-05,1.4331666279758793e-05,1.5885247581334423e-05,1.760803616634803e-05
1804,1.5318713614962893e-05,2.1859140251763164e-05,1.578708817154014e-05,1.745569317863556e-05
1805,1.6907795272547647e-05,1.3475247033056804e-05,1.5721120450244702e-05,1.7198219666897787e-05
1806,1.4629905454057735e-05,1.8523636681493373e-05,1.5678951919835527e-05,1.6966562402376443e-05
1807,1.574113806176077e-05,1.3093861925881356e-05,1.5559935441382955e-05,1.6903496194572654e-05
1808,1.5700491644060497e-05,3.349852806422859e-05,1.5470761750556346e-05,1.6908914885425473e-05
1809,1.8565974136840345e-05,1.3801050808979198e-05,1.550910177490247e-05,1.6699020749365446e-05
1810,1.4798854188282147e-05,1.8555070491856897e-05,1.546144029489369e-05,1.6881401491991708e-05
1811,1.4612753499629131e-05,2.855836100934539e-05,1.5498486580407995e-05,1.7090751168143472e-05
1812,1.642059616440545e-05,1.92854406486731e-05,1.5471587904822726e-05,1.699414927570615e-05
1813,1.484947211186712e-05,1.7803335322241764e-05,1.536756520258172e-05,1.674001391511411e-05
1814,1.668143304414116e-05,3.264586368459277e-05,1.5278972896905743e-05,1.6594259704288562e-05
1815,1.3822424803543578e-05,1.8634461230249145e-05,1.5197727946684202e-05,1.653456636413466e-05
1816,1.667558873628473e-05,1.0661153719411232e-05,1.532914952703221e-05,1.686692723742453e-05
1817,1.3366532289688216e-05,1.062847706634784e-05,1.5326822037281495e-05,1.6440515682916157e-05
1818,1.4549650024693821e-05,1.1066431397921406e-05,1.5226428764435695e-05,1.6357361448172014e-05
1819,1.3762143862550146e-05,1.0901190944423433e-05,1.5240777710358896e-05,1.602805107104359e-05
1820,1.3820307562531929e-05,1.3334902469068766e-05,1.5199396262000341e-05,1.5971083736803848e-05
1821,1.5974388249257268e-05,1.0399008751846849e-05,1.5081949407774828e-05,1.5129110205452891e-05
1822,1.4486566683950109e-05,1.6278072071145288e-05,1.5013664403603698e-05,1.5036326374683997e-05
1823,1.6473642394379973e-05,1.8211494534625672e-05,1.499864021421268e-05,1.4816677133785561e-05
1824,1.5206577655691137e-05,1.0938420746242628e-05,1.498727392600914e-05,1.4275705136242324e-05
1825,1.5886664635521204e-05,1.4341938367579132e-05,1.4949091051514392e-05,1.3928201825183352e-05
1826,1.3932921137893573e-05,1.055615419318201e-05,1.4921166524113187e-05,1.3626568575273268e-05
1827,1.3910081583566756e-05,1.1981251409451943e-05,1.4829920018301993e-05,1.2806287013518159e-05
1828,1.7134121363697987e-05,2.264068811200559e-05,1.4869460844541511e-05,1.2887326659983956e-05
1829,1.526052637119493e-05,1.1198851389053744e-05,1.480487801996383e-05,1.2879050380433911e-05
1830,1.4397963451402676e-05,1.1396391164453234e-05,1.4814045097753276e-05,1.3106853976205458e-05
1831,1.4988629102137767e-05,1.0290877253282815e-05,1.4749267515677881e-05,1.3237665890483187e-05
1832,1.4706601852796868e-05,1.1669678569887764e-05,1.4760381263153651e-05,1.31936613979633e-05
1833,1.276432028842262e-05,1.2449189780454617e-05,1.474088341088241e-05,1.372264132660348e-05
1834,1.685884903256212e-05,1.1481455039756839e-05,1.475089239376959e-05,1.3873933639843016e-05
1835,1.4423249453506692e-05,1.3063839469396044e-05,1.4701262869898021e-05,1.3901565788546576e-05
1836,1.4328596294540653e-05,1.5034061070764438e-05,1.4628755422341374e-05,1.3592909235740079e-05
1837,1.546602430203671e-05,1.0597857872198802e-05,1.4579274834250097e-05,1.3613548851571976e-05
1838,1.4151358926836919e-05,1.0262504074489698e-05,1.4514424172294738e-05,1.3713710298179648e-05
1839,1.4400270398861418e-05,1.2138824640715029e-05,1.4551204335455418e-05,1.3708773491089231e-05
1840,1.4810945459531568e-05,2.066045239189407e-05,1.44912911536974e-05,1.377945641725091e-05
1841,1.5061018121842709e-05,1.0454246730660088e-05,1.4371866071532067e-05,1.3484665787837e-05
1842,1.359570923442435e-05,1.6323566960636526e-05,1.4327821239082066e-05,1.3534826847899239e-05
1843,1.2930210472808944e-05,1.4336729254864622e-05,1.4266583588323556e-05,1.3619349914370102e-05
1844,1.4039987549444454e-05,9.801078631426208e-06,1.4277316439418225e-05,1.3707111522671766e-05
1845,1.3332861255750888e-05,2.655940068507334e-05,1.4201064618504866e-05,1.3685945229372011e-05
1846,1.6224612821436797e-05,1.418131658283528e-05,1.4307355430759747e-05,1.4128625970624855e-05
1847,1.324582858716086e-05,1.6968875788734293e-05,1.4208567434980068e-05,1.4157121717289558e-05
1848,1.4660956205463864e-05,1.0495080714463256e-05,1.4182759577589524e-05,1.4399949873040897e-05
1849,1.396956295340917e-05,1.1454411142040044e-05,1.4166173909810218e-05,1.4252695578034038e-05
1850,1.4265398086637207e-05,1.6845974532770923e-05,1.4060134145660818e-05,1.4601164693885953e-05
1851,1.4852425216910584e-05,1.0432734015921596e-05,1.4100113743350244e-05,1.4722665147564842e-05
1852,1.2412252039616255e-05,1.3748324563493953e-05,1.4057965672125444e-05,1.4651498539024036e-05
1853,1.4148494309564639e-05,1.5270922376657835e-05,1.401588537628413e-05,1.426310236565769e-05
1854,1.4159405559944895e-05,1.245287789060967e-05,1.395246304819011e-05,1.4514106913702562e-05
1855,1.2867022182439946e-05,1.3509467826224864e-05,1.3947909289870747e-05,1.4348330721259119e-05
1856,1.5256950379504511e-05,1.2484917460824363e-05,1.3950704645200554e-05,1.422961617645342e-05
1857,1.280030632996285e-05,1.1140521237393842e-05,1.3996072850083387e-05,1.4406417662394235e-05
1858,1.5421590594794705e-05,2.35162083117757e-05,1.3985846439754822e-05,1.3799816352548079e-05
1859,1.4389149138070126e-05,1.219384870637441e-05,1.3842896120574246e-05,1.404169578163419e-05
1860,1.3778053018743068e-05,1.9134543363179547e-05,1.384739627125479e-05,1.3838431115436836e-05
1861,1.3913954600057979e-05,1.1352703695592937e-05,1.379664153606023e-05,1.4349658486025873e-05
1862,1.2815030198301732e-05,1.9309585768496616e-05,1.3730712267392342e-05,1.4388699996925425e-05
1863,1.5150848869072635e-05,1.3300015416461974e-05,1.3752622506985466e-05,1.4315286658529658e-05
1864,1.3346568618241387e-05,1.0359659427194856e-05,1.3694574121149748e-05,1.4368595682026351e-05
1865,1.3758938063498742e-05,1.0950548057735432e-05,1.38413180416036e-05,1.5019287863105999e-05
1866,1.3475459919492197e-05,1.672936043178197e-05,1.3828275871896445e-05,1.4812878306838683e-05
1867,1.3481865276440254e-05,1.2179162149550394e-05,1.378651478581661e-05,1.4849550987128167e-05
1868,1.300009435605413e-05,1.136886563472217e-05,1.3919546478993854e-05,1.485094957606634e-05
1869,1.5174192671515306e-05,1.4221115779946558e-05,1.3811396180810537e-05,1.4916267385706303e-05
1870,1.3077200997536744e-05,1.1394367938919458e-05,1.3898085675625933e-05,1.5030993410618974e-05
1871,1.265085484192241e-05,2.0228302309988068e-05,1.38765817031122e-05,1.4922045497223734e-05
1872,1.3358332354174409e-05,1.1887259133800399e-05,1.385039166343631e-05,1.4798811307991855e-05
1873,1.339208782559985e-05,2.327576497918926e-05,1.3784069171459932e-05,1.4412497603916561e-05
1874,1.2321331236711961e-05,1.2430448914528824e-05,1.3740727009361662e-05,1.4364797159214505e-05
1875,1.4813154076465354e-05,1.5010641072876752e-05,1.3710886310258907e-05,1.3958865891618189e-05
1876,1.3401215571017625e-05,1.1765459603338969e-05,1.3622864988590462e-05,1.40390438871691e-05
1877,1.6080850050962503e-05,3.0015629090485162e-05,1.363175328256653e-05,1.4021911508461927e-05
1878,1.3822440066885771e-05,1.01106834699749e-05,1.3585516790287026e-05,1.3959100081410725e-05
1879,1.3115378407949012e-05,1.3369694897846784e-05,1.365921356474347e-05,1.373813392565353e-05
1880,1.6192814511871094e-05,1.3544432549679186e-05,1.3665550262683408e-05,1.3785325521894267e-05
1881,1.2553192924921555e-05,1.4117862701823469e-05,1.3644662392309531e-05,1.3726811094966253e-05
1882,1.4967543700347759e-05,1.4008671860210597e-05,1.35607747997306e-05,1.364642774424283e-05
1883,1.4883991281951441e-05,2.0792510476894676e-05,1.354994941413881e-05,1.3567511868313886e-05
1884,1.3734398146172882e-05,9.11299397557741e-06,1.3532862188892774e-05,1.3366021061665379e-05
1885,1.211999071933355e-05,9.476700761297252e-06,1.34813707439106e-05,1.3270606051082723e-05
1886,1.283040054760123e-05,1.0160192578041461e-05,1.3458336138622447e-05,1.2704877035866958e-05
1887,1.2069012720732846e-05,9.161304078588727e-06,1.3490923902766856e-05,1.2651353234832641e-05
1888,1.2950315827361515e-05,1.530446530523477e-05,1.3388134239196207e-05,1.2424333013768774e-05
1889,1.356877596764308e-05,9.9313499595155e-06,1.3419555402490205e-05,1.2723823986016214e-05
1890,1.2603025756511164e-05,9.380262381455396e-06,1.3351423821344115e-05,1.206305416417308e-05
1891,1.5317879280903275e-05,1.1205206537852065e-05,1.328938384499957e-05,1.208027668762952e-05
1892,1.3640282724938718e-05,1.3358952055568806e-05,1.331118847988869e-05,1.221169665659545e-05
1893,1.2477897596707206e-05,9.906004961521831e-06,1.3180141032272431e-05,1.2556507720728405e-05
1894,1.3077002857042114e-05,1.2211532011860981e-05,1.3194950503061083e-05,1.2351530398882459e-05
1895,1.280656635774196e-05,9.421471040695906e-06,1.3080303881643986e-05,1.2131654721451922e-05
1896,1.2223674210771505e-05,1.5191032143775374e-05,1.2915563747487288e-05,1.1694333150808234e-05
1897,1.207104622962005e-05,9.501883869234008e-06,1.291974560186241e-05,1.2037333144689912e-05
1898,1.2816222693396008e-05,9.13253959879512e-06,1.2975766463366906e-05,1.2133324232854648e-05
1899,1.3136025340322198e-05,1.1092353888670914e-05,1.2984485846472027e-05,1.2314567817520583e-05
1900,1.2243412487199141e-05,9.335135546280071e-06,1.317469267410666e-05,1.2289805307955248e-05
1901,1.4186744653367593e-05,1.9252733909524978e-05,1.3107385059993248e-05,1.2370038309745723e-05
1902,1.437756052231028e-05,1.3496383544406854e-05,1.3177349956984269e-05,1.2954220629035263e-05
1903,1.2271440658272089e-05,1.0541246556385886e-05,1.3157126121546347e-05,1.2950352083862526e-05
1904,1.3660494280177065e-05,1.665519412199501e-05,1.3032911667687585e-05,1.3119926352374023e-05
1905,1.2916628321464588e-05,2.216470915300306e-05,1.2969972201729736e-05,1.3059290701494321e-05
1906,1.292342969463789e-05,8.993429655674845e-06,1.2913191304849329e-05,1.3029564783937532e-05
1907,1.2101378164920283e-05,8.511779924447183e-06,1.2846555387497772e-05,1.2958039617660688e-05
1908,1.0765487928034013e-05,9.85947121080244e-06,1.279306795946063e-05,1.3026982214796588e-05
1909,1.3838944505550899e-05,1.7687993822619318e-05,1.2768856533997067e-05,1.290871030432754e-05
1910,1.3520512256945949e-05,1.1876477965415687e-05,1.2834654260303874e-05,1.2876954839885e-05
1911,1.3048385125229187e-05,1.4691282194689847e-05,1.2810564924115572e-05,1.319449962247745e-05
1912,1.6824183411598724e-05,8.542241339455358e-06,1.280524524012839e-05,1.372802184851025e-05
1913,1.1267625474526236e-05,1.731029034999665e-05,1.2935923491750143e-05,1.4029763590224317e-05
1914,1.5317898392418607e-05,2.4535907941753974e-05,1.2905202190369081e-05,1.3920151947968406e-05
1915,1.2097429870563144e-05,9.283548752136995e-06,1.287249742155028e-05,1.3751573886111143e-05
1916,1.2212517934434193e-05,1.5444563250639475e-05,1.2831053801265727e-05,1.386521354652359e-05
1917,1.2066796075992493e-05,1.184306078357622e-05,1.2760111030770025e-05,1.3582546707039001e-05
1918,1.1058375174697075e-05,9.162857022602111e-06,1.2717641583569477e-05,1.308953555635526e-05
1919,1.1411104923253232e-05,1.0423402854939923e-05,1.262820371161474e-05,1.3075646604556825e-05
1920,1.1469380656813479e-05,1.1145035969093443e-05,1.2618891728682989e-05,1.3153867613436887e-05
1921,1.1618388574182367e-05,1.2234234382049181e-05,1.2618462934592067e-05,1.3098239893588473e-05
1922,1.371598938729019e-05,8.707997258170508e-06,1.2563036315016994e-05,1.2865455800056225e-05
1923,1.221398928868843e-05,1.7071159163606353e-05,1.2458642490269593e-05,1.2797568857786247e-05
1924,1.3003033240642658e-05,2.4430409539490938e-05,1.2411992893855011e-05,1.2621850840514526e-05
1925,1.551036877774297e-05,1.6878679089131767e-05,1.2194676956359117e-05,1.2920405078330078e-05
1926,1.3418712118841035e-05,1.6512442853127142e-05,1.2190715336166453e-05,1.2653719805530273e-05
1927,1.3559941301840202e-05,9.281931997975335e-06,1.2097142992893674e-05,1.2052554190449883e-05
1928,1.1235350151158248e-05,1.3382238066697027e-05,1.2195173170605105e-05,1.2166793446522206e-05
1929,1.1886925017784556e-05,9.588523134880233e-06,1.2171767264711283e-05,1.1930815830419306e-05
1930,1.1854892141450869e-05,9.839430385909508e-06,1.215321111594676e-05,1.2060106616991106e-05
1931,1.0687482895769386e-05,8.646205860713963e-06,1.2196763794620185e-05,1.2051302299369128e-05
1932,1.1868578591626525e-05,1.046730514644878e-05,1.2213594675914567e-05,1.1981292653945273e-05
1933,1.0754768075760997e-05,8.46877821459202e-06,1.221427072883267e-05,1.1891113754245454e-05
1934,1.2453279016174039e-05,1.1868391484313178e-05,1.2177623579393389e-05,1.1885426624212417e-05
1935,1.0910666638260914e-05,1.0179304408666213e-05,1.2097369417905513e-05,1.1962164012948054e-05
1936,1.1882145214864673e-05,1.029833176289685e-05,1.2141922224650949e-05,1.2003327382262799e-05
1937,1.1391284974201375e-05,1.6006097284844144e-05,1.2068488229973205e-05,1.1406619857007174e-05
1938,1.1168584969709627e-05,1.0643158530001529e-05,1.188915885395545e-05,1.1146767120226289e-05
1939,1.297858981059916e-05,9.506767564744223e-06,1.1795089773133644e-05,1.1099383699183822e-05
1940,1.4548184313348934e-05,1.2139530153945089e-05,1.1697259223365109e-05,1.1148779210634534e-05
1941,1.1627370287088625e-05,9.545122848066967e-06,1.1663736916792309e-05,1.1115049554791768e-05
1942,1.160289235687944e-05,1.5075330447871237e-05,1.1624409293209384e-05,1.103939779859502e-05
1943,1.2147192141532691e-05,8.942749082052614e-06,1.155491217610284e-05,1.1138721731549595e-05
1944,1.1831876955612744e-05,8.673161719343625e-06,1.1627481512954948e-05,1.1238214667537249e-05
1945,1.1486281979766014e-05,8.89056347659789e-06,1.1628430848779518e-05,1.1282317654695363e-05
1946,1.070220983820036e-05,1.2092056131223217e-05,1.165263704266787e-05,1.1382387939374896e-05
1947,1.1709635350093272e-05,1.0626431976561434e-05,1.1570542987141782e-05,1.128863770136377e-05
1948,1.3327809457324394e-05,1.8100243396474978e-05,1.1634477463586435e-05,1.1475884514220525e-05
1949,1.1167183373699016e-05,9.512721408100334e-06,1.1627356275130295e-05,1.1851035292784217e-05
1950,1.102713437729916e-05,1.0382360669609624e-05,1.1619446969254769e-05,1.1658818258729297e-05
1951,1.1066985098295846e-05,1.532785732706543e-05,1.1633742877165785e-05,1.1839499833877197e-05
1952,1.1114177557626843e-05,1.0516819784243126e-05,1.161978157211302e-05,1.1803341393533626e-05
1953,1.039729248683822e-05,1.2538996670627967e-05,1.145718128415562e-05,1.1689167603617533e-05
1954,1.0903734428211464e-05,7.697229229961521e-06,1.1431060185471627e-05,1.164362383642583e-05
1955,1.0117464213787268e-05,1.2322528709773905e-05,1.1429196824206481e-05,1.1341473708307601e-05
1956,1.2501716317072148e-05,1.113352926040534e-05,1.139568623257219e-05,1.1400373068318001e-05
1957,1.1892311987240747e-05,1.1569879825401586e-05,1.1344432610106502e-05,1.1435860586789202e-05
1958,1.1359922922969822e-05,1.0970535331580322e-05,1.1384384674076704e-05,1.1547691279702122e-05
1959,1.0400927628021843e-05,9.524635534035042e-06,1.140659070992519e-05,1.1423465477855644e-05
1960,1.2509028549377238e-05,1.4860474730085116e-05,1.1419626096580437e-05,1.1310369063721738e-05
1961,1.1704115503461152e-05,1.967710122698918e-05,1.1344119890418372e-05,1.1224780273187209e-05
1962,1.1193552327313227e-05,1.1200671433471144e-05,1.1373087214694049e-05,1.1393777901685102e-05
1963,1.1525982667485044e-05,1.5160197908699048e-05,1.1404560912908185e-05,1.1424026879103626e-05
1964,1.262955718428e-05,8.602806556154974e-06,1.1398952723458127e-05,1.1373915790318281e-05
1965,1.0483177114413896e-05,9.285185406042729e-06,1.1349789652174675e-05,1.1649163676338504e-05
1966,1.0974342819988831e-05,8.406528668274404e-06,1.1352958639407814e-05,1.1511547324334974e-05
1967,1.1556308325250736e-05,7.5215772449155335e-06,1.1322285134317806e-05,1.1578186517726863e-05
1968,1.1309427350675429e-05,1.0415233082312626e-05,1.1474086855944028e-05,1.1475888209679398e-05
1969,1.055053639397051e-05,9.560349681123626e-06,1.1423942592834163e-05,1.2353921478643315e-05
1970,1.2485083579021093e-05,1.168633079942083e-05,1.1412100479073058e-05,1.22161223400326e-05
1971,1.1257360734412536e-05,8.986411085061264e-06,1.1383742908259996e-05,1.2108483751217139e-05
1972,1.2035520016474442e-05,7.799021623213776e-06,1.1382724606462742e-05,1.2143935719359435e-05
1973,1.144015430327272e-05,1.5960523633111734e-05,1.1392827062203046e-05,1.2681747860187899e-05
1974,1.1891366480590983e-05,1.3737662120547611e-05,1.1350396126726993e-05,1.2366510139690947e-05
1975,1.1813976832652567e-05,1.1138585105072707e-05,1.1316431747117248e-05,1.2404968449118315e-05
1976,1.0926780362044357e-05,1.4075080107431859e-05,1.1244687491570301e-05,1.2203423516621114e-05
1977,9.8851007755406e-06,1.739801693474874e-05,1.1171728663167514e-05,1.2427001991454747e-05
1978,1.047651716766672e-05,9.098587870539632e-06,1.1194154619725951e-05,1.3319095496990485e-05
1979,1.0136896800961241e-05,9.363209064758849e-06,1.1201733301964446e-05,1.3356669610220706e-05
1980,1.391250725444277e-05,9.765071008587255e-06,1.1142393280776256e-05,1.333557901889435e-05
1981,1.1248109739325526e-05,3.308436098450329e-05,1.1185510887581686e-05,1.3682809935562546e-05
1982,1.1596259143213199e-05,8.124901360133662e-06,1.1220639389446456e-05,1.3666803345404334e-05
1983,1.0650983652643238e-05,8.279570611193776e-06,1.1134363517703603e-05,1.354158521644422e-05
1984,1.0375470083090477e-05,1.041093473759247e-05,1.1115496680011143e-05,1.452022356315865e-05
1985,1.2761589942884813e-05,2.830577825079672e-05,1.1142525312364643e-05,1.4560044855898013e-05
1986,1.064334211655983e-05,1.1796158214565366e-05,1.1103411819769663e-05,1.4214121236727805e-05
1987,1.034444283706964e-05,1.2162129169155377e-05,1.1113537968372435e-05,1.4090107669471763e-05
1988,9.732376278811394e-06,1.0121574596269057e-05,1.1100449439982186e-05,1.416075591405388e-05
1989,1.0805586474210334e-05,1.4192268426995725e-05,1.1132718896503017e-05,1.3953061457141303e-05
1990,1.10438260283748e-05,3.158752304443624e-05,1.1135447031847435e-05,1.3607407416566276e-05
1991,1.11638098759512e-05,9.34588149902993e-06,1.11061252120837e-05,1.363955331398756e-05
1992,1.0072807795545992e-05,6.994312461756635e-06,1.1153872354932697e-05,1.3611796734767266e-05
1993,1.2387367520811192e-05,1.9096005999017507e-05,1.1096219526370987e-05,1.3629513119667535e-05
1994,1.1428748940589785e-05,9.160184927168302e-06,1.1018578576719543e-05,1.2780310044036012e-05
1995,1.0328186785449765e-05,8.555877575417981e-06,1.096198743931988e-05,1.2946510613983263e-05
1996,1.0785689792101038e-05,3.34523697529221e-05,1.0957716107724182e-05,1.2936267002805834e-05
1997,1.2711235825311936e-05,8.794553941697814e-06,1.0963596258645541e-05,1.2919697303004794e-05
1998,1.0462316988398218e-05,7.312433153856546e-06,1.0823987559706439e-05,1.2102022221370133e-05
1999,1.2144520195660233e-05,1.0637322939146543e-05,1.0771857979529564e-05,1.1904144696018191e-05
2000,1.1486763622896332e-05,1.2904791219625622e-05,1.0774518534971221e-05,1.1833752204256597e-05
2001,1.1733516775065153e-05,8.88271868461743e-06,1.0839407546073846e-05,1.1724306755058932e-05
2002,9.953304159151027e-06,8.756665920373052e-06,1.0804850391206047e-05,1.1741582695685793e-05
2003,9.743471673573368e-06,9.902235306071815e-06,1.0886633501973441e-05,1.0856587439775469e-05
2004,1.1330575372186205e-05,8.669294584251474e-06,1.0867096682260228e-05,1.0758697322307854e-05
2005,1.2471186540399988e-05,1.020798063109396e-05,1.0890848047872875e-05,1.1000073141622124e-05
2006,9.307085998039433e-06,1.185428409371525e-05,1.0839564583552096e-05,1.050467456880142e-05
2007,1.0181480708221594e-05,1.2279915608814918e-05,1.0756189924318787e-05,1.0507480880914954e-05
2008,1.0544200362750821e-05,8.023480331758037e-06,1.0754329379738518e-05,1.0568802082707407e-05
2009,1.0522473856124432e-05,9.996692242566496e-06,1.0757954419871872e-05,9.526679125701775e-06
2010,9.271372469407247e-06,7.863901209930191e-06,1.0629658540225743e-05,9.51470508662169e-06
2011,9.340102612137949e-06,6.849220080766827e-06,1.0630219819237631e-05,9.754186483769445e-06
2012,1.041095672311106e-05,1.0402316875115502e-05,1.0544574702281452e-05,9.644599583407396e-06
2013,1.135460155637702e-05,7.385438366327435e-06,1.0528053402797214e-05,9.393211800488643e-06
2014,9.941657602515382e-06,1.4624166942667216e-05,1.0472114011685737e-05,9.331870167079615e-06
2015,1.3088403797559699e-05,9.462641646678093e-06,1.0462501088032793e-05,9.299004523927579e-06
2016,1.06753893831208e-05,6.898628562339582e-06,1.046514328089769e-05,9.210994889144785e-06
2017,1.0666591935862218e-05,1.3028707944613416e-05,1.0436543672282518e-05,9.84671827609418e-06
2018,1.110528091279169e-05,6.711041678499896e-06,1.0373083735895405e-05,9.741751295223367e-06
2019,9.34438245975697e-06,9.230342730006669e-06,1.0405223116564833e-05,9.687110564846079e-06
2020,1.0281673170943071e-05,1.0088907620229293e-05,1.0350493629771842e-05,9.476484563492704e-06
2021,1.0876315795434897e-05,7.399295827781316e-06,1.038342782028647e-05,9.604411167674698e-06
2022,9.503838834158766e-06,8.495202964695636e-06,1.03538413331181e-05,9.478113164368551e-06
2023,1.0476348963695474e-05,1.3299468082550448e-05,1.0382772044209155e-05,9.474970525479873e-06
2024,1.0003392271755728e-05,7.897650430095382e-06,1.0407046968086635e-05,9.538059662736486e-06
2025,1.1073731135790391e-05,6.620096646656748e-06,1.0337484934239506e-05,9.704124319250697e-06
2026,1.0335031997278242e-05,7.349177849391708e-06,1.029819511721952e-05,9.839046225533823e-06
2027,9.712981067827462e-06,7.935024841572158e-06,1.0312126231898822e-05,9.664676430111286e-06
2028,9.809526495195718e-06,7.70199443650199e-06,1.0266017326769844e-05,9.758715971838683e-06
2029,1.0615585156806952e-05,2.4562379257986323e-05,1.024105527382441e-05,9.782367534353397e-06
2030,1.0884688130722174e-05,7.583806109323632e-06,1.0171296445211435e-05,9.51870275021065e-06
2031,1.011057051477514e-05,1.0488265834283084e-05,1.013902004766957e-05,9.573220815218518e-06
2032,8.813243538396718e-06,7.014265574980527e-06,1.0150783855715417e-05,9.52492582873674e-06
2033,1.136755512561649e-05,1.1221645436307882e-05,1.0149276622986589e-05,9.485841800051274e-06
2034,9.782811676915218e-06,6.839242159912829e-06,1.0076176982976094e-05,9.471386879158671e-06
2035,9.994640246683654e-06,7.785335237713297e-06,1.0087545562540373e-05,9.487413920578547e-06
2036,9.946975709074953e-06,8.426448512182105e-06,1.0022614715489907e-05,9.279327622061828e-06
2037,8.67190587693282e-06,1.4553933287970722e-05,1.0084647636580888e-05,9.828397649835096e-06
2038,1.0372356130877355e-05,1.0758486023405567e-05,1.00650623235803e-05,9.848015053285053e-06
2039,1.028993546949803e-05,1.0264922057103831e-05,9.99561314456514e-06,1.0031576185429002e-05
2040,1.1935681169335213e-05,1.1813630189863033e-05,1.0021367041594608e-05,1.0226869414327666e-05
2041,1.0051338059484907e-05,7.4899176252074536e-06,1.0013210948333532e-05,1.016872376349056e-05
2042,8.922621220537824e-06,6.437088341044728e-06,9.999874420868258e-06,9.73647564096609e-06
2043,1.0298370974245093e-05,8.073993303696625e-06,9.96435767705811e-06,9.752044295601081e-06
2044,9.638477660903139e-06,8.02296806796221e-06,9.963618329574174e-06,9.691289006877923e-06
2045,1.0243992352722368e-05,9.111806903092657e-06,9.950408335781605e-06,9.813226992991985e-06
2046,9.04882479517255e-06,7.0379228054662235e-06,9.94441013495412e-06,9.67025265999837e-06
2047,9.78805332326576e-06,8.895879000192508e-06,9.930109651516736e-06,9.676350462541451e-06
2048,8.853077787433802e-06,8.09731061963248e-06,9.922439904928778e-06,9.67923226635321e-06
2049,1.1554215299030248e-05,2.1624401124427095e-05,9.913882261672473e-06,9.731478799221803e-06
2050,1.0584098310775718e-05,7.110531732905656e-06,9.942389981976402e-06,9.913859576772665e-06
2051,8.598802521899213e-06,1.193820615299046e-05,1.0000609448777849e-05,1.0071254829381359e-05
2052,1.035682849356413e-05,1.2817355564038735e-05,9.970146363775713e-06,9.954444570030318e-06
2053,9.605624163668836e-06,6.248353165574372e-06,9.871787950113586e-06,9.886484513117466e-06
2054,1.0282171970175114e-05,1.375617619487457e-05,9.87005273083115e-06,9.964376431889833e-06
2055,9.996769535468451e-06,7.973022475198377e-06,9.88791278396093e-06,9.945591524592602e-06
2056,1.0092086827676718e-05,8.96938361620414e-06,9.843834465937109e-06,9.979803161695602e-06
2057,8.482993693582506e-06,1.0062715227832087e-05,9.827633791226416e-06,1.0481182335934136e-05
2058,1.1217600104929362e-05,7.647287111467449e-06,9.862913076883868e-06,1.0594380836118945e-05
2059,9.425299590980608e-06,6.991687223489862e-06,9.853886197177214e-06,1.060598242620472e-05
2060,9.802896581984694e-06,7.857380333007312e-06,9.85657393260529e-06,1.0574459505733106e-05
2061,9.733034627667317e-06,9.732611833896954e-06,9.857360659670019e-06,1.1019343080261024e-05
2062,9.384598884531038e-06,1.9113452726742252e-05,9.756769516186775e-06,1.0407981431490044e-05
2063,1.182784280091356e-05,1.469336733862292e-05,9.719080217514097e-06,1.051179958958528e-05
2064,9.528358344444617e-06,7.344665573327802e-06,9.810782190187537e-06,1.0396941533690553e-05
2065,9.476720827782023e-06,1.0114628767041722e-05,9.799612217021704e-06,1.0164436979539462e-05
2066,1.0007957577424046e-05,9.4372155945166e-06,9.83237257536934e-06,1.0328808052145176e-05
2067,9.369122548782292e-06,5.967465658613946e-06,9.727650684645696e-06,1.0016544091195101e-05
2068,9.196413023649559e-06,8.929284231271595e-06,9.698238618350134e-06,1.0157019570033299e-05
2069,9.233460793135842e-06,2.0557447423925624e-05,9.718785977949865e-06,1.0104058404976966e-05
2070,1.1125974494158678e-05,1.1941769407712855e-05,9.719934195284924e-06,1.0184489168750587e-05
2071,8.823152802506229e-06,7.32796255761059e-06,9.591510834878943e-06,1.0153495139820733e-05
2072,9.85524670896767e-06,8.107805988402107e-06,9.591624594314552e-06,1.0136783394409577e-05
2073,8.872745964052027e-06,1.921939998283051e-05,9.549711832005413e-06,1.0121621022699401e-05
2074,9.039436711949141e-06,6.340359905152582e-06,9.505937138722703e-06,1.0055174824083224e-05
2075,9.641865843958739e-06,9.705985685286577e-06,9.49355398006446e-06,9.754217404406518e-06
2076,1.0891351838735217e-05,9.066754755622241e-06,9.405795437527962e-06,9.435477838269436e-06
2077,1.007757916441834e-05,7.004741710261442e-06,9.393321658677046e-06,9.586809152096979e-06
2078,1.0424633122359713e-05,1.035762998071732e-05,9.445350729139237e-06,9.469295090093513e-06
2079,7.664124702084033e-06,5.9495771711226555e-06,9.356219037807833e-06,9.401897197676591e-06
2080,9.261467878079404e-06,1.1484909446153325e-05,9.347002086158481e-06,9.746955673472258e-06
2081,1.0605770817670014e-05,7.645354489795864e-06,9.338866256115985e-06,9.679366227646826e-06
2082,8.511699126958976e-06,1.207348432217259e-05,9.405707642144991e-06,9.74408693582518e-06
2083,8.00701609477983e-06,6.8724363882211035e-06,9.298449658834013e-06,9.649283260660015e-06
2084,9.428143576870853e-06,6.573893588210922e-06,9.271151649591046e-06,9.604556748672623e-06
2085,8.755077524256193e-06,7.4783210402529225e-06,9.211716382479708e-06,9.531616413732991e-06
2086,8.63866729559959e-06,8.071456868492532e-06,9.216754115429163e-06,9.122824901714922e-06
2087,9.075019918074962e-06,1.1589517234824599e-05,9.182805867506731e-06,9.293583995167865e-06
2088,9.63387923750108e-06,6.724878185195848e-06,9.162948459561447e-06,9.139385052549187e-06
2089,9.216513873171708e-06,1.112794841901632e-05,9.066625608021341e-06,9.108286985429004e-06
2090,1.0777447589336791e-05,7.176777216955088e-06,9.03927987302369e-06,9.048271578649293e-06
2091,7.779665294138896e-06,7.752268284093588e-06,9.032212754876431e-06,9.167868503573118e-06
2092,9.138698757548506e-06,1.4593927553505636e-05,9.107400241757406e-06,9.535641082766233e-06
2093,8.993017272587168e-06,7.239548085635761e-06,9.096069041697775e-06,9.483374326373452e-06
2094,1.0904495443860975e-05,2.2175465128384532e-05,9.009996645585892e-06,9.4043016921205e-06
2095,8.444524911384279e-06,9.571677528583678e-06,9.011937906244486e-06,9.152704884763809e-06
2096,8.14070257143208e-06,6.2097997579257936e-06,9.030450513576702e-06,9.154772297188177e-06
2097,8.369365031184215e-06,6.284297614911338e-06,9.047854724404816e-06,9.341764362761752e-06
2098,8.99868928778839e-06,8.999612182378769e-06,9.054685789225106e-06,9.304358060762754e-06
2099,8.19073051388841e-06,1.0609337241476169e-05,9.072334276505799e-06,9.230587322235808e-06
2100,9.145430645326592e-06,5.851012119819643e-06,9.068411811313125e-06,9.012877416535047e-06
2101,8.483280550232546e-06,8.28930307761766e-06,9.030382062499281e-06,9.00124389809207e-06
2102,9.393935789477029e-06,5.50435654076864e-06,9.037232774830449e-06,8.82230377246742e-06
2103,1.0247955168678244e-05,1.334755310381297e-05,8.930203540835971e-06,8.880412443977547e-06
2104,9.54381187410844e-06,1.5143891650950537e-05,8.952821252185258e-06,8.871340782934566e-06
2105,8.978187876588587e-06,1.017824053633376e-05,8.987986289624435e-06,8.58582637665677e-06
2106,8.453960914872974e-06,5.668538633472053e-06,8.974080240780799e-06,8.554992002609654e-06
2107,8.560230643423791e-06,5.7835641382553145e-06,8.870772452953842e-06,7.920710497273832e-06
2108,8.469831278085217e-06,6.924121698830277e-06,8.932268113454082e-06,7.77879077504622e-06
2109,9.863248847573737e-06,1.1248695227550342e-05,8.952994296204351e-06,7.770918220921884e-06
2110,8.925854144763434e-06,6.543163490277948e-06,8.944220073155723e-06,7.852720648224931e-06
2111,9.079879477616892e-06,6.227188405318884e-06,8.961840084440256e-06,7.874246926803607e-06
2112,8.976958288258174e-06,6.146769592305645e-06,8.976582697262832e-06,7.668480721622472e-06
2113,8.683135517154976e-06,6.434040224121418e-06,8.945327472126034e-06,7.657984465913613e-06
2114,9.387781681450886e-06,6.6544452784000896e-06,8.913184569569746e-06,7.6206262827327e-06
2115,8.101716739474796e-06,8.629494004708249e-06,8.867445006762864e-06,7.641335024527506e-06
2116,8.34510807787107e-06,7.5254767580190675e-06,8.830550391980473e-06,7.696533116541103e-06
2117,1.0017824693527978e-05,7.456067396560684e-06,8.85095762997581e-06,7.421501543285558e-06
2118,8.64536605149624e-06,6.4686887344578285e-06,8.825184239362393e-06,7.6147253785165966e-06
2119,8.32180074818704e-06,6.3184274949890096e-06,8.849139162986022e-06,7.763531988166506e-06
2120,9.981916423890248e-06,6.023684472893365e-06,8.819125650592874e-06,8.106676393072122e-06
2121,8.658857140188855e-06,6.012985904817469e-06,8.825500778928272e-06,8.065172031638212e-06
2122,8.150009454968514e-06,8.329358297487489e-06,8.785196681775334e-06,7.840255126939156e-06
2123,9.439189569901727e-06,9.537769146845676e-06,8.736782879309937e-06,7.839619201695315e-06
2124,8.55929583445282e-06,5.4651821119477975e-06,8.720178850974966e-06,7.948244830186014e-06
2125,8.36405001690663e-06,5.588605727098184e-06,8.685077972930029e-06,7.967028926941566e-06
2126,7.679707986325311e-06,7.355348498094827e-06,8.674696323578245e-06,8.341522890259513e-06
2127,8.250446719305021e-06,6.0220750856387895e-06,8.658937653429651e-06,8.437850218615496e-06
2128,9.325589799118461e-06,1.4727505404152907e-05,8.679861927117196e-06,8.314694615546616e-06
2129,1.0053992823991898e-05,8.268102319561877e-06,8.67194606746327e-06,8.287124044727534e-06
2130,8.33385311125312e-06,1.5008836417109706e-05,8.627260871799081e-06,8.200900963129243e-06
2131,9.052834005463714e-06,9.388703874719795e-06,8.636176593144127e-06,8.145148547919233e-06
2132,7.80989283359506e-06,1.4362174260895699e-05,8.616548675450355e-06,8.310977000655838e-06
2133,8.629209486470144e-06,5.886512662982568e-06,8.527026626325099e-06,8.345224606455304e-06
2134,8.855646418750337e-06,5.6257726100739095e-06,8.52898625966595e-06,8.573744399473073e-06
2135,7.715509083128483e-06,6.527265359181911e-06,8.567235951623944e-06,8.508133169380017e-06
2136,8.66477876924263e-06,8.94282911758637e-06,8.490558923262548e-06,8.622609067970188e-06
2137,8.099436337134748e-06,6.616372011194471e-06,8.453440466473694e-06,8.70845114113763e-06
2138,8.423594283360419e-06,1.5796389307070057e-05,8.519705793029665e-06,8.731244291266193e-06
2139,8.993814927736012e-06,9.062628487299662e-06,8.509701373299722e-06,8.74620700997184e-06
2140,8.6248235816634e-06,5.55060392798623e-06,8.519726697583488e-06,8.959042390051762e-06
2141,8.147211586522947e-06,6.8362124875420706e-06,8.518605763149227e-06,8.575411938363686e-06
2142,8.900694801923237e-06,5.300490356603405e-06,8.411696289072602e-06,8.519618589343735e-06
2143,8.868259085122392e-06,5.074878354207612e-06,8.355723505155765e-06,8.251218262739712e-06
2144,7.831102805842723e-06,1.0464138813404134e-05,8.336891845626976e-06,8.101690791954754e-06
2145,7.743865195758796e-06,6.879874617879977e-06,8.354414662891133e-06,7.808068343729246e-06
2146,8.707847973710159e-06,1.1725980730261654e-05,8.299649044258534e-06,7.828046447684756e-06
2147,9.106251753918413e-06,6.689077545161126e-06,8.327225651212051e-06,7.829242216394051e-06
2148,7.52226386086679e-06,1.2399666611599968e-05,8.358223201462858e-06,7.801967925479403e-06
2149,7.631334414731504e-06,7.611233941133832e-06,8.335153943860659e-06,7.660686212329894e-06
2150,1.0020683180805968e-05,6.158434480312281e-06,8.355827160226507e-06,7.625063168234191e-06
2151,7.429597493076774e-06,7.729416465735994e-06,8.353328092562151e-06,7.2630377726454755e-06
2152,8.501079826399089e-06,1.134295958763687e-05,8.307540455077994e-06,7.1056583001336545e-06
2153,9.297566438261937e-06,5.136744111950975e-06,8.281231832815036e-06,7.172265400731702e-06
2154,7.381255972076259e-06,6.87326859406312e-06,8.246391751850347e-06,7.682137696974677e-06
2155,6.9345335133322e-06,8.298828252009116e-06,8.184564561654245e-06,7.706736143882152e-06
2156,8.582042517243988e-06,5.650517105095787e-06,8.140117211749182e-06,7.733288206509314e-06
2157,8.247963265198955e-06,7.021613055258058e-06,8.115897590970335e-06,7.639247865154175e-06
2158,7.260069020655161e-06,6.385965261870296e-06,8.095600404340075e-06,7.562155172490748e-06
2159,9.545061592588252e-06,5.655666827806272e-06,8.06036375838125e-06,7.473998250497971e-06
2160,8.49044783939866e-06,5.845408086315729e-06,8.03480686041035e-06,7.476854589913274e-06
2161,8.088047329187652e-06,5.410786288848613e-06,8.014470746436726e-06,7.175531392567791e-06
2162,8.616266746280922e-06,5.725795908801956e-06,8.008216660447135e-06,7.07181131510879e-06
2163,8.361117591751584e-06,6.7457544173521455e-06,7.943434690241701e-06,7.645250495261282e-06
2164,7.849123990632102e-06,5.12814167450415e-06,8.031163001174314e-06,7.569256904389478e-06
2165,7.96710802508945e-06,7.215781442937441e-06,8.022890791471582e-06,7.3203653169912295e-06
2166,7.276209562405711e-06,1.9583019893616436e-05,8.054033926196604e-06,7.3366567186894834e-06
2167,7.355015047020667e-06,5.9154515292902945e-06,8.055373742697865e-06,7.318760046473473e-06
2168,7.757075337495837e-06,5.7386799198866354e-06,8.083661678473516e-06,7.198221520957305e-06
2169,7.225612286371567e-06,8.113130279525649e-06,8.022950460710692e-06,7.295042928308249e-06
2170,7.236435530002281e-06,4.952557301294291e-06,7.99959004095096e-06,7.506928934162716e-06
2171,7.826931824739505e-06,9.522057680442231e-06,8.026696269209627e-06,7.4876762104395315e-06
2172,8.467329304645925e-06,6.760486030543689e-06,7.949503815285021e-06,7.47869559636456e-06
2173,7.013861011526185e-06,4.866586677962914e-06,7.938389168420043e-06,7.782485648203875e-06
2174,7.47498226499172e-06,5.018232004658785e-06,7.910256290092041e-06,7.897615749243415e-06
2175,8.401133925670163e-06,2.049441398412455e-05,7.911223685166787e-06,7.90215371453087e-06
2176,9.622805266392081e-06,5.829576693940908e-06,7.908465520570949e-06,7.970791082334474e-06
2177,8.294274583830783e-06,5.120669902680674e-06,7.918541190196669e-06,7.990473786048825e-06
2178,1.0076144806387472e-05,5.544029154407326e-06,7.990030334824242e-06,7.923762119025923e-06
2179,7.414751384607775e-06,6.4258517886628395e-06,7.974821280004106e-06,7.386536543344846e-06
2180,7.641731907723524e-06,5.285365114104934e-06,7.98081739392526e-06,7.614240236580371e-06
2181,7.064262073173368e-06,8.071052288869396e-06,7.955483271709656e-06,7.583710622566286e-06
2182,7.663952771205611e-06,1.2318763201619732e-05,7.954440650913358e-06,7.458887119719292e-06
2183,7.937724727121855e-06,5.9046471687906885e-06,7.962975369324945e-06,7.499442713742609e-06
2184,7.6152502444731205e-06,5.431151475931984e-06,7.961110160047407e-06,7.563121268321992e-06
2185,8.212581667774228e-06,1.3440159382298588e-05,7.929508164953505e-06,7.5236541306367146e-06
2186,7.384725370987629e-06,8.289038814837113e-06,7.945875993876447e-06,7.85334954125574e-06
2187,8.6404516231495e-06,5.839245040988317e-06,8.016799782934767e-06,7.922758095082826e-06
2188,8.292163476855623e-06,8.46168861244223e-06,7.988143370190908e-06,7.450850734312552e-06
2189,8.10101573127516e-06,5.620209267362953e-06,7.907651629769438e-06,7.418276182579575e-06
2190,9.7543366407788e-06,5.5479897673649246e-06,7.84425020461236e-06,7.690428689238615e-06
2191,6.89598319190231e-06,6.152380501589505e-06,7.778252279846738e-06,7.839212955150286e-06
2192,7.504917895049503e-06,1.160804386017844e-05,7.766288638271768e-06,7.763379734387853e-06
2193,7.12372228210572e-06,4.975439569534501e-06,7.803500583759162e-06,8.406989419745514e-06
2194,7.199546766464159e-06,4.992542708350811e-06,7.8917475479102e-06,8.445428907725726e-06
2195,7.449803490291944e-06,5.9664471518772185e-06,7.892849751159601e-06,8.198471507785142e-06
2196,7.780301592801051e-06,1.11140215449268e-05,7.843750980585658e-06,8.20444213968585e-06
2197,7.677279427298345e-06,5.773807588411728e-06,7.812383693534584e-06,8.249263095785862e-06
2198,7.423056734599716e-06,1.3108971943438519e-05,7.76988800312716e-06,7.892367641761665e-06
2199,9.248076991449732e-06,6.753445850335993e-06,7.77141970304203e-06,8.317663240450201e-06
2200,7.684723607073667e-06,8.6967299648677e-06,7.746171761148919e-06,8.280126857425784e-06
2201,7.6105117558553404e-06,5.015212900616462e-06,7.67334638443976e-06,8.146349355229175e-06
2202,6.709238954903817e-06,1.192448256915668e-05,7.668460266763254e-06,8.161228653625585e-06
2203,8.42619668724688e-06,9.263635802199132e-06,7.583482521820568e-06,8.635588299512164e-06
2204,7.1156603452335625e-06,4.530021269602002e-06,7.606458072041277e-06,8.583220172295113e-06
2205,8.572030544908356e-06,2.1375607248046434e-05,7.603308431417745e-06,8.347976983350235e-06
2206,9.270436176949362e-06,9.03203948837472e-06,7.697496339096689e-06,8.338837830524426e-06
2207,7.691507852440636e-06,6.1448282031051345e-06,7.696654991984057e-06,8.432804243057033e-06
2208,6.710255462773299e-06,6.053912966308417e-06,7.70630782381987e-06,8.437341874378034e-06
2209,6.831068068196247e-06,6.551675378432264e-06,7.736571586388486e-06,8.275213131128112e-06
2210,7.1501894075885905e-06,4.517773031693651e-06,7.740455411476432e-06,8.251138954074122e-06
2211,7.4230178688594605e-06,1.89214287820505e-05,7.743975635942964e-06,7.98873516250751e-06
2212,8.009253075821713e-06,4.900835465377895e-06,7.694535097147713e-06,8.009567121916918e-06
2213,6.471529059126624e-06,5.117251057527028e-06,7.652423027603719e-06,8.08811763272388e-06
2214,7.978862789362514e-06,5.992191727273167e-06,7.69371913997424e-06,8.236931443389041e-06
2215,7.629893017211644e-06,1.7406980914529415e-05,7.729384695186229e-06,8.082973163982388e-06
2216,7.470371947420063e-06,4.843177321163239e-06,7.670931270937823e-06,7.956771679891973e-06
2217,7.4261768794612076e-06,5.7269641365564895e-06,7.67468515494127e-06,8.12313044734765e-06
2218,9.478419974079266e-06,4.746960748889251e-06,7.66198651084172e-06,7.5946677359752355e-06
2219,7.1785130886483885e-06,7.341703021666035e-06,7.653055706355698e-06,7.628596205177018e-06
2220,7.691124286187309e-06,6.079887934902218e-06,7.635301945952557e-06,7.550465992972021e-06
2221,8.53689565701643e-06,7.060802963678725e-06,7.648558943320597e-06,7.482091106066946e-06
2222,7.774375054496986e-06,5.1719531620619816e-06,7.663312446756108e-06,7.631398132798495e-06
2223,7.511062346263013e-06,6.548877154273214e-06,7.68732348891111e-06,7.913039857521653e-06
2224,8.012063521568457e-06,7.274244835571153e-06,7.720039837537722e-06,7.632360131538007e-06
2225,6.631921868473809e-06,1.0660492735041772e-05,7.657386638311438e-06,7.650358668615808e-06
2226,8.642914565118392e-06,8.735558167245471e-06,7.692908867991516e-06,7.7195014229801e-06
2227,7.6008778352034926e-06,8.075525583990383e-06,7.632843900622296e-06,7.8410932670522e-06
2228,6.964861081036765e-06,6.1085986999387385e-06,7.583324481311137e-06,7.473043850040995e-06
2229,7.209507445319711e-06,8.688990455993916e-06,7.649258450894396e-06,7.461179883102887e-06
2230,8.254564442419602e-06,8.164039463736117e-06,7.6207337593384895e-06,7.552767007291551e-06
2231,9.047166064798755e-06,9.880251218419289e-06,7.493696119086558e-06,7.769266115792562e-06
2232,7.247663842362171e-06,4.191572897980222e-06,7.484744848544425e-06,7.652319017506672e-06
2233,7.041680396974294e-06,4.344540793681517e-06,7.41772280881479e-06,7.587457896443084e-06
2234,7.199905654084028e-06,1.0284351046720986e-05,7.376524730110154e-06,7.520683921029558e-06
2235,7.750465461463642e-06,1.155881614977261e-05,7.331764320406364e-06,7.499498686229345e-06
2236,8.240926584524762e-06,1.1904435632459354e-05,7.296761420325817e-06,7.475288518617163e-06
2237,6.442923095164588e-06,5.350798892322927e-06,7.236667343547905e-06,7.4100671059568415e-06
2238,7.359584801128625e-06,6.845819916634354e-06,7.271523559595357e-06,7.245454690564657e-06
2239,6.47723860513199e-06,9.031987829075661e-06,7.2150890826984945e-06,7.095901358115953e-06
2240,6.391907534432701e-06,8.205745489249239e-06,7.384832051280279e-06,6.99723790967255e-06
2241,9.118721187001534e-06,4.546578147710534e-06,7.397040580973327e-06,7.3696428778930575e-06
2242,6.713059590563514e-06,8.016642241273075e-06,7.453848158871147e-06,7.398164035112133e-06
2243,6.302478967780997e-06,1.0159438461414539e-05,7.376492600208926e-06,7.350724258867559e-06
2244,6.954731325095054e-06,4.4180255645187576e-06,7.299406762386854e-06,7.155177704407835e-06
2245,6.015573292946404e-06,4.458359908312559e-06,7.307317912555947e-06,7.56051375574316e-06
2246,7.506943689400537e-06,5.3914535783405885e-06,7.271354492129631e-06,7.57329501284403e-06
2247,6.655364811902271e-06,4.642322292056633e-06,7.26035829458043e-06,7.384056869341295e-06
2248,6.635989844249303e-06,5.943622963968664e-06,7.20516162267207e-06,7.23663031239994e-06
2249,6.50971160212066e-06,5.643709519063123e-06,7.214531444009884e-06,6.995731364440873e-06
2250,7.503327269660076e-06,6.545182350237155e-06,7.203869025316736e-06,7.028885420731968e-06
2251,7.232052642696848e-06,4.996724856027868e-06,7.201719688196641e-06,6.919502192613436e-06
2252,1.1844452049748119e-05,5.608939372905297e-06,7.233084307315745e-06,6.756973050505622e-06
2253,7.270074323362981e-06,1.5418722905451433e-05,7.2865412400359575e-06,6.631048386043404e-06
2254,8.62969689276522e-06,9.402019386470784e-06,7.163615571092426e-06,6.630649143335177e-06
2255,6.3206754758640375e-06,6.978045057621784e-06,7.2292920861703644e-06,6.475386448437348e-06
2256,7.120020119246975e-06,4.991587356926175e-06,7.208345039058864e-06,6.2404163378232625e-06
2257,7.4454425965895e-06,1.4324974181363359e-05,7.205772407178301e-06,6.266743683227105e-06
2258,6.142594886316349e-06,4.664072221203241e-06,7.240919754217935e-06,6.353599562862655e-06
2259,6.925000715354044e-06,5.55339745915262e-06,7.233071303077545e-06,6.536780032911338e-06
2260,6.370548663754663e-06,7.873152226238744e-06,7.266881942430497e-06,6.590530491666869e-06
2261,8.475172117970134e-06,5.881961933482671e-06,7.284752850723128e-06,6.507531617535279e-06
2262,6.1763626278358664e-06,6.179650299600326e-06,7.277616555196194e-06,6.730040282127448e-06
2263,7.305851373126239e-06,4.11123921367107e-06,7.266830819046137e-06,6.658032719860785e-06
2264,7.261354083109634e-06,4.9687592763802965e-06,7.235142600459059e-06,6.626366337877699e-06
2265,7.728330852437972e-06,5.057628877693787e-06,7.047303115258626e-06,6.7448887159116576e-06
2266,6.045579463413257e-06,4.536597080004867e-06,7.0864174449121094e-06,6.543355010217056e-06
2267,8.354972467511996e-06,4.13507486882736e-06,7.009992145200765e-06,6.3530392653774485e-06
2268,5.778802789993481e-06,4.285185696062399e-06,7.032000732579035e-06,6.331385123485234e-06
2269,6.890415528080969e-06,5.076209199614823e-06,7.006080429386606e-06,6.364874233986485e-06
2270,6.894256968937245e-06,6.629756899201311e-06,7.001498676739479e-06,6.317258312628838e-06
2271,7.310732410890826e-06,9.970965329557658e-06,7.031683701239267e-06,6.281842891621637e-06
2272,7.500630795726061e-06,5.986083760944894e-06,7.076339598845354e-06,6.370372802484781e-06
2273,7.082762551565086e-06,3.868651110678911e-06,7.112422112792653e-06,6.7974864614370746e-06
2274,6.33130421394728e-06,1.1206426133867353e-05,7.076910565067213e-06,6.766768782108557e-06
2275,7.233683865908662e-06,4.744993293570587e-06,7.109418553510396e-06,6.758453709335299e-06
2276,6.439847178019894e-06,4.205065306450706e-06,7.075745946834407e-06,6.767716910690069e-06
2277,7.148464919737307e-06,8.571998823754257e-06,7.07431477070107e-06,6.748547299503116e-06
2278,8.247932564700022e-06,1.0380380263086409e-05,7.034674450753502e-06,6.850400244002231e-06
2279,6.719064399981613e-06,4.644125765480567e-06,7.041480972919899e-06,6.896689378481824e-06
2280,6.870890160320818e-06,6.43669151031645e-06,7.001736614054406e-06,7.511719180183717e-06
2281,6.472012539436239e-06,5.828815119457431e-06,7.0500621247952546e-06,7.635964907240121e-06
2282,7.33089878041129e-06,1.3134576147422194e-05,7.06327367782554e-06,7.902407717483583e-06
2283,6.897220498811091e-06,3.7786866960232146e-06,7.1521753370082794e-06,7.83619017820456e-06
2284,8.041398155506208e-06,7.766645230731229e-06,7.092744440322147e-06,7.594607080682182e-06
2285,7.2726115124371265e-06,1.8550993700046093e-05,7.040709183800371e-06,7.504496748151724e-06
2286,7.587383424834115e-06,5.114019950269722e-06,7.026905334431731e-06,7.711725137050962e-06
2287,6.9890623389154725e-06,5.971773480268894e-06,7.0250858392682865e-06,7.73783162367181e-06
2288,6.4640362062265116e-06,4.342819247540319e-06,7.01703664744855e-06,7.744820456719026e-06
2289,7.225574679776198e-06,4.489518996706465e-06,7.046640967584811e-06,7.756751409033316e-06
2290,6.73732285374879e-06,7.60395249017165e-06,7.043588273558676e-06,7.580719501129353e-06
2291,6.215742517573138e-06,5.6938254419947045e-06,6.955929605424495e-06,7.490990214864726e-06
2292,7.361363495874684e-06,1.951081991137471e-05,6.970675109793472e-06,7.594956131652e-06
2293,6.986940558514713e-06,7.3913288724725135e-06,6.980996670972672e-06,7.5769080533063995e-06
2294,7.220704353838099e-06,1.1737279455701355e-05,6.963004463209978e-06,7.6076412340626145e-06
2295,9.116798448505707e-06,4.974318417225732e-06,6.937113985380468e-06,7.335045665968211e-06
2296,5.824959993737543e-06,3.931387891498162e-06,6.901061915656708e-06,7.387570021091963e-06
2297,6.199749382681653e-06,3.7333254476834556e-06,6.854419977995956e-06,7.22231658146484e-06
2298,6.737666317349067e-06,9.049360833159882e-06,6.80646131893607e-06,6.6959784271603e-06
2299,6.28581683486118e-06,1.1859088299388532e-05,6.755556378549146e-06,6.663733338791646e-06
2300,7.032454070415244e-06,4.919714119751006e-06,6.8144470686497196e-06,7.053251322940925e-06
2301,7.179955181426421e-06,4.503339114307891e-06,6.848335887763016e-06,7.178109219967156e-06
2302,7.072147569083932e-06,4.17120112615521e-06,6.8371896138463255e-06,7.197266332514119e-06
2303,6.056465861345512e-06,8.137148106470705e-06,6.802655637592478e-06,7.131454474438216e-06
2304,7.087702009206017e-06,7.243273685162421e-06,6.768502037084545e-06,7.0803669215820274e-06
2305,7.128929189800854e-06,5.9854895516764376e-06,6.71471678971203e-06,6.526703064446338e-06
2306,6.0222073453688705e-06,6.5971446383628065e-06,6.694871975681357e-06,6.381118279387012e-06
2307,6.6836368346735575e-06,6.319686945062131e-06,6.678458367241547e-06,6.361058809125097e-06
2308,5.995918755717058e-06,5.091795574116987e-06,6.594349198227671e-06,6.764616521832067e-06
2309,6.875349713987412e-06,3.635309240053175e-06,6.620937990656886e-06,6.909891924442491e-06
2310,6.0736450359399895e-06,5.3925398424325974e-06,6.625869020556112e-06,6.910603116557468e-06
2311,6.314759915161024e-06,4.307892741053365e-06,6.57714130587313e-06,6.698726255854126e-06
2312,8.461329591429806e-06,1.570972308400087e-05,6.550776955191395e-06,6.3946890928491494e-06
2313,7.311256684058915e-06,7.464266673196107e-06,6.548341491038123e-06,7.403974385670154e-06
2314,6.946917831858931e-06,4.968446810380556e-06,6.62070908385633e-06,7.563615078834119e-06
2315,5.8739734474026286e-06,5.958656038274057e-06,6.587760530237574e-06,7.651288349006791e-06
2316,5.361902504874807e-06,4.416636620589998e-06,6.6291770327855685e-06,7.571997011109489e-06
2317,6.016732311561807e-06,5.669223482982488e-06,6.541910516049636e-06,7.4519590503769e-06
2318,6.490820207747877e-06,3.751709245989332e-06,6.537490532314729e-06,7.882994240208064e-06
2319,6.810364142842849e-06,1.1235792699153536e-05,6.5762954803681685e-06,7.87075185944559e-06
2320,7.014069223158812e-06,1.5063261234899984e-05,6.597821995577155e-06,7.852381651900942e-06
2321,6.4896798044679195e-06,7.563272956758737e-06,6.63945371310951e-06,7.977775017934618e-06
2322,6.323025130162326e-06,3.7511052505578844e-06,6.685348716321945e-06,8.173962784348987e-06
2323,5.519473450274543e-06,3.7524393155763393e-06,6.6801424000813205e-06,8.209990511386422e-06
2324,5.626708067817768e-06,4.258159224264091e-06,6.672922036604076e-06,8.234115329833e-06
2325,6.971567466583413e-06,3.0151846440276133e-05,6.566200516398466e-06,8.681280556629644e-06
2326,8.9891450018816e-06,8.494356443407014e-06,6.568826907904521e-06,8.559930056071607e-06
2327,6.248433728615055e-06,6.363032880472019e-06,6.514127577085875e-06,8.831852071307368e-06
2328,7.0918784250453525e-06,6.154864659038139e-06,6.601774464312862e-06,8.761348928237569e-06
2329,4.906039090807705e-06,4.2423246668477075e-06,6.641860258079962e-06,8.821722254651832e-06
2330,7.0184295964281775e-06,1.6761369297455532e-05,6.6935750723334624e-06,8.92845355483587e-06
2331,6.992331046704849e-06,6.291085119300988e-06,6.6962635178545794e-06,9.02582611233811e-06
2332,7.221799714898225e-06,5.8604317564459055e-06,6.745369500519397e-06,8.8478981568187e-06
2333,7.0367116940259516e-06,8.22662972495891e-06,6.698772400381535e-06,8.522914245259018e-06
2334,8.022724794298281e-06,8.540003400412387e-06,6.668304083925452e-06,8.385923569585432e-06
2335,5.943487129924405e-06,6.2932330183684825e-06,6.692942840689081e-06,8.440757857169956e-06
2336,6.1342508282299e-06,4.911013202217873e-06,6.705117376865624e-06,8.5446531753405e-06
2337,5.7932915862895445e-06,2.688885375391692e-05,6.708259395478914e-06,8.534657276322834e-06
2338,7.3769164717102996e-06,4.430504159245174e-06,6.734096592562208e-06,7.654678654216696e-06
2339,5.579434561392797e-06,1.1766497191274539e-05,6.601937403684132e-06,7.603191599628191e-06
2340,8.065145628077314e-06,4.1960774615290574e-06,6.5811646433657085e-06,7.531916661901052e-06
2341,6.3640473490522705e-06,5.925969780946616e-06,6.550536017999144e-06,7.443621729908047e-06
2342,7.309602667899324e-06,8.337505987583426e-06,6.611509171691271e-06,7.525871953112075e-06
2343,6.558031345775816e-06,6.1860231835453305e-06,6.594834519152452e-06,7.137986933958019e-06
2344,8.038013709463283e-06,6.787593811168336e-06,6.578839993946734e-06,7.507115019689082e-06
2345,5.849141719712255e-06,6.9386634459078775e-06,6.535824570366661e-06,7.410789249115624e-06
2346,5.727971893065842e-06,4.138506064919056e-06,6.499997780863649e-06,7.245691861317028e-06
2347,6.938994049253071e-06,5.121962440171046e-06,6.4386807990053475e-06,7.037600658077281e-06
2348,5.823836854688125e-06,6.349822269839933e-06,6.449258986605048e-06,6.9991283213312265e-06
2349,5.7052585331499965e-06,4.008261748822406e-06,6.455072589071481e-06,6.973901256424141e-06
2350,7.617497393665771e-06,8.152380887622712e-06,6.461329872440223e-06,6.210815978556638e-06
2351,5.685165279929707e-06,7.207180078694364e-06,6.391302445384402e-06,6.406729133595944e-06
2352,5.729114720654454e-06,4.581159437293536e-06,6.434076950164227e-06,6.1531950894277534e-06
2353,6.326162790881224e-06,3.947491359213018e-06,6.368059597459958e-06,6.189431605889694e-06
2354,6.430367933110877e-06,6.298580246948404e-06,6.316480564985087e-06,6.2228186892752996e-06
2355,6.601563282957715e-06,7.064243818604154e-06,6.300698374697176e-06,6.056434870697558e-06
2356,6.592467916561873e-06,1.5519287262577564e-05,6.282571036111526e-06,5.9452258901728785e-06
2357,6.146414125396404e-06,3.452287492109463e-06,6.196601172147591e-06,5.848645928199403e-06
2358,6.141041956450661e-06,4.099195029994007e-06,6.1787631884524485e-06,5.877954141033115e-06
2359,6.489800247840726e-06,3.3377233194187284e-06,6.228639091366659e-06,5.882401744747768e-06
2360,6.207941819916919e-06,5.331424599717138e-06,6.223283309494341e-06,5.874190317990724e-06
2361,6.279590889890743e-06,4.280336579540744e-06,6.2357125997045365e-06,5.920169837918365e-06
2362,5.949723670508118e-06,7.811721807229333e-06,6.247656098963087e-06,5.918236591605819e-06
2363,5.626230795314768e-06,9.328333035227843e-06,6.212107493330325e-06,5.749650776488124e-06
2364,6.648797180888424e-06,5.428146087069763e-06,6.206388534216483e-06,5.604502123242128e-06
2365,6.4147118104705844e-06,5.10199037307757e-06,6.208347131986457e-06,5.59831586870132e-06
2366,5.074571537180519e-06,6.76064686558675e-06,6.189385324776393e-06,5.699572183584678e-06
2367,6.9150479107015095e-06,4.177910523139872e-06,6.198503349272262e-06,5.624809093933437e-06
2368,6.104847881134548e-06,3.4057986704283396e-06,6.166870607638784e-06,5.497949032360339e-06
2369,5.888767110364925e-06,4.373094761831453e-06,6.128691666567142e-06,5.105048035693472e-06
2370,5.403192127333669e-06,7.671368766750675e-06,6.190998233432765e-06,5.132834936011933e-06
2371,6.974869465921074e-06,4.249696157785365e-06,6.165203663315171e-06,5.635587541837596e-06
2372,6.805099502445147e-06,4.916676771244966e-06,6.200290951528586e-06,5.993407172718436e-06
2373,6.134569109942984e-06,7.4993102680309674e-06,6.187077730161642e-06,5.941169585639728e-06
2374,6.003846014613777e-06,3.959930591008743e-06,6.195762649602127e-06,5.912755623648992e-06
2375,6.7287822528467384e-06,3.937735509680352e-06,6.168322574214673e-06,5.79747937117645e-06
2376,5.542191302083666e-06,3.578463747544447e-06,6.171596654247777e-06,5.584019865273149e-06
2377,5.7780796649037966e-06,4.4265030737733465e-06,6.223365855031363e-06,5.522683418166707e-06
2378,5.852117610629648e-06,6.478899231296964e-06,6.1799596888401224e-06,5.835644844410126e-06
2379,6.6583185455076295e-06,4.429503005667356e-06,6.24697642989405e-06,5.882352139815339e-06
2380,5.810744742120733e-06,3.892742279276718e-06,6.25580202520521e-06,5.908089445438235e-06
2381,5.637994389770837e-06,5.696762345905882e-06,6.205031998777283e-06,5.942462200619047e-06
2382,7.704078297036985e-06,4.146960000070976e-06,6.215141161333627e-06,5.9159475593332895e-06
2383,5.496177703510814e-06,1.6668010175635573e-05,6.222928267662711e-06,6.0502079049911115e-06
2384,7.366982453176105e-06,1.2283214091439732e-05,6.149549500454061e-06,6.061882802532638e-06
2385,5.877611285743317e-06,4.0254849227494564e-06,6.0909870555203975e-06,6.207426279797802e-06
2386,6.496713875902868e-06,3.5699875297723336e-06,6.1143607270221565e-06,6.105588550053654e-06
2387,5.263721785821771e-06,4.9298154954158235e-06,6.077086888358786e-06,6.089387168685789e-06
2388,5.708082796142359e-06,3.9918453876452985e-06,6.04807741656259e-06,6.084018016190384e-06
2389,7.943027200478052e-06,3.894734909408726e-06,6.121908967704964e-06,6.14564756906475e-06
2390,5.329557655689617e-06,1.292602602916304e-05,6.130381275377456e-06,6.306812642287696e-06
2391,6.749990063528659e-06,7.92832925071707e-06,6.151869718814851e-06,6.3699727201310455e-06
2392,7.13568779348053e-06,4.8213431637122995e-06,6.092602670711737e-06,6.340506635024213e-06
2393,4.835597220436385e-06,4.265117549948627e-06,6.133900671476213e-06,6.511399168812204e-06
2394,6.141496174273521e-06,3.7102287296875146e-06,6.162977897151399e-06,6.548375479178503e-06
2395,5.597869785560761e-06,1.1027877408196218e-05,6.082850811152537e-06,6.604374186281349e-06
2396,5.14040028570485e-06,4.541568596323487e-06,6.091887979507899e-06,6.070668806569303e-06
2397,5.34103837910354e-06,8.555263702874072e-06,6.036428564281475e-06,6.66616681010055e-06
2398,6.718910897486947e-06,4.9533670244272795e-06,6.085586191006264e-06,6.770272409266909e-06
2399,5.072000048029521e-06,3.55489605681214e-06,6.101813826373674e-06,6.769795701984549e-06
2400,6.0035454579418806e-06,3.8035066972952335e-06,6.150107736175414e-06,6.692495444804081e-06
2401,7.387980080642996e-06,5.119202569403569e-06,6.158944715530702e-06,6.787132877434488e-06
2402,5.989887356716079e-06,8.455629904347007e-06,6.099240744313445e-06,6.767422073244234e-06
2403,6.389328696564513e-06,8.057901177380699e-06,6.165129986806682e-06,6.947094669521902e-06
2404,5.17664234292978e-06,3.692850877996534e-06,6.095156357090066e-06,6.793968199417577e-06
2405,6.8431947612326545e-06,8.165055623976513e-06,6.03499902034754e-06,6.755275739487842e-06
2406,6.364925031650475e-06,6.621170105063356e-06,6.065396143822e-06,6.716026088179205e-06
2407,5.700901147065451e-06,5.546927677642089e-06,6.025765993116593e-06,6.698686499294126e-06
2408,5.722106912394843e-06,3.3253756828344194e-06,6.046513406181475e-06,6.443642354861368e-06
2409,5.980497072515492e-06,2.7170664179720915e-05,6.060875885345418e-06,6.487371642288053e-06
2410,7.106551953863042e-06,6.62812490190845e-06,6.066948611987755e-06,6.336168604320846e-06
2411,6.90240476008815e-06,3.558069847713341e-06,6.038700074794987e-06,6.261268552407273e-06
2412,6.471069530865255e-06,2.997309065904119e-06,6.103448290054481e-06,6.310208769718884e-06
2413,5.929007280024558e-06,6.357781203405466e-06,6.0791489870704646e-06,6.329160166205839e-06
2414,6.450427920046625e-06,3.4019648046523797e-06,6.007761805449264e-06,6.448065267977654e-06
2415,6.976788718020544e-06,1.7417840936104768e-05,5.987534564741914e-06,6.2827170546370325e-06
2416,5.00064932061327e-06,4.100167498108931e-06,5.945750518448121e-06,6.534497334723711e-06
2417,5.631754374917364e-06,3.854031665468938e-06,6.008407337948383e-06,6.5596795659075725e-06
2418,5.595525307297875e-06,3.2838762672326994e-06,5.976899867891916e-06,6.525694165975437e-06
2419,5.150742406638326e-06,3.2767390075605364e-06,5.928671398861399e-06,6.382031018438282e-06
2420,6.116555112182848e-06,4.651773797377245e-06,5.934702826238613e-06,6.3326038063678425e-06
2421,5.499462264803394e-06,5.634800781990635e-06,6.007003135487645e-06,6.422299356563599e-06
2422,5.492856545161986e-06,4.775187753693899e-06,5.9916703496936764e-06,5.487930405433871e-06
2423,6.012697467667749e-06,3.0808657265879446e-06,5.96259007822179e-06,5.479258424384169e-06
2424,6.690705429516836e-06,4.778401489602402e-06,5.922719597502793e-06,5.456725208205171e-06
2425,5.396062883341478e-06,4.277291609469103e-06,5.937313418366505e-06,5.4951609377894775e-06
2426,5.603300540112993e-06,8.091830113698962e-06,5.9389683433740475e-06,5.7583795398386425e-06
2427,5.484206339032325e-06,4.3219245708314705e-06,5.878762722568353e-06,5.769039197548408e-06
2428,5.3447275392197e-06,1.4352408179547637e-05,5.782394449165117e-06,5.2049725036340525e-06
2429,6.743062830436328e-06,4.322406657593092e-06,5.832920066030864e-06,5.25205348712916e-06
2430,6.055508009820996e-06,7.315420625673141e-06,5.812929941142404e-06,5.259054767520865e-06
2431,5.159213305887533e-06,3.029591416634503e-06,5.811243830572089e-06,5.527596463798545e-06
2432,5.851686831495802e-06,4.311247375881067e-06,5.963823178616521e-06,5.587304952132399e-06
2433,7.529614643620638e-06,5.567764437728329e-06,5.931723353973616e-06,5.637256856789462e-06
2434,5.597177427666288e-06,3.8114404014777392e-06,5.968274101744303e-06,5.627504561198293e-06
2435,6.379545167065873e-06,6.41132537566591e-06,5.93784042794141e-06,5.6955610638397045e-06
2436,5.9056427421132365e-06,2.994739443238359e-06,5.899268803679863e-06,5.699158485003863e-06
2437,6.835915052458101e-06,3.958202305511804e-06,5.894209442218805e-06,5.643209035406471e-06
2438,5.9703804052130885e-06,1.2938246254634577e-05,5.884828856788874e-06,5.683494722688919e-06
2439,4.9452873999042725e-06,3.668456247396534e-06,5.89192791721871e-06,5.5471021372795796e-06
2440,4.567581882939622e-06,3.316173588245874e-06,5.938697537102497e-06,5.5771328359696775e-06
2441,6.2637897422569546e-06,5.2771920854866035e-06,5.973022540941505e-06,5.329853385410388e-06
2442,5.132001252705878e-06,4.029063675261569e-06,5.9084059914109985e-06,5.2940958728868275e-06
2443,5.55337254303999e-06,9.997418674174696e-06,5.871038709645088e-06,5.13034197538218e-06
2444,8.965226107749104e-06,4.769451215906884e-06,5.890175958261858e-06,5.138671329041245e-06
2445,5.314059496110228e-06,5.9005714138038455e-06,5.883170506684918e-06,5.107005727040815e-06
2446,6.413230959070562e-06,5.390993392211385e-06,5.820557211275931e-06,5.179031472653151e-06
2447,4.732014700089672e-06,6.476600319729187e-06,5.827156281217565e-06,5.146360635626479e-06
2448,5.048406861129074e-06,3.170801255691913e-06,5.784226020902377e-06,5.048640296081429e-06
2449,6.564221392990375e-06,3.3796652496675963e-06,5.736500670354872e-06,5.1381847883021685e-06
2450,5.1615482475931965e-06,5.284433791530319e-06,5.696139631719336e-06,5.19634685369965e-06
2451,5.780777050858887e-06,4.682015478465473e-06,5.65015117905811e-06,4.824594342426281e-06
2452,6.653446836127033e-06,5.0726920380839146e-06,5.654850449375065e-06,4.8421015108033315e-06
2453,6.202852635194883e-06,8.170421915565385e-06,5.683725243640463e-06,4.879065748900758e-06
2454,5.127649092173669e-06,3.4284688445040955e-06,5.650897118519224e-06,4.855027527446511e-06
2455,5.1213259656732485e-06,3.2215731880569366e-06,5.678556579308256e-06,4.8272296993673095e-06
2456,5.637644521306761e-06,3.2378252581111156e-06,5.728830200213352e-06,4.7475143521296564e-06
2457,5.676550542072316e-06,3.519607325870311e-06,5.5764925255668164e-06,4.743792969384231e-06
2458,5.964282258395946e-06,7.368408078036737e-06,5.574966778759619e-06,4.688649035961135e-06
2459,5.76215417620713e-06,2.9946694758109517e-06,5.566445240623984e-06,4.649281235469971e-06
2460,5.306288659186167e-06,3.968316887039691e-06,5.597586321709968e-06,4.536779403861146e-06
2461,4.7125089784256285e-06,5.233351748756831e-06,5.625212155084428e-06,4.542916357968351e-06
2462,5.826889086569685e-06,5.412253940448863e-06,5.564926213406174e-06,4.6280985221528676e-06
2463,4.8206690886824315e-06,3.6444334728003014e-06,5.599092895924211e-06,4.56152729493624e-06
2464,5.062769157828168e-06,4.106135456822812e-06,5.572579651561683e-06,4.519908331349144e-06
2465,5.289451739574563e-06,4.240279540681513e-06,5.489853043521483e-06,4.471217135505866e-06
2466,5.443086614225952e-06,4.676236549130408e-06,5.480475468801968e-06,4.445811540426803e-06
2467,5.82348777243169e-06,3.3341179732815362e-06,5.6010835805662066e-06,4.463854796995293e-06
2468,6.810213065667388e-06,8.004534993233393e-06,5.61480155225177e-06,4.453386601744569e-06
2469,5.156784241585734e-06,4.6764166472712536e-06,5.612113236283119e-06,4.8313386196241475e-06
2470,5.2759158259302945e-06,4.521973078226438e-06,5.582669760567821e-06,4.831799013118144e-06
2471,6.200192505679701e-06,4.406798379932297e-06,5.518882215457982e-06,4.681178869577707e-06
2472,5.510541727239292e-06,3.664054529508576e-06,5.479138898024555e-06,4.699792484461796e-06
2473,5.739052695490601e-06,3.3242251083720477e-06,5.496652137420218e-06,4.678394243092043e-06
2474,5.057072851034011e-06,5.509219354280504e-06,5.496268674647176e-06,4.583311555688852e-06
2475,6.015715310544086e-06,3.6201531111146323e-06,5.482920177584876e-06,4.505777079612017e-06
2476,5.1179459417956725e-06,3.6415413887880278e-06,5.482917982670996e-06,4.70998962991871e-06
2477,4.58528163512205e-06,3.855412142002024e-06,5.493921179489311e-06,4.671236006106483e-06
2478,5.968413267207022e-06,7.535282038588775e-06,5.482956218677122e-06,4.761154878360685e-06
2479,8.14285188627966e-06,3.879550258716336e-06,5.532111664878256e-06,4.700003929247032e-06
2480,5.464275257812309e-06,2.959868306788849e-06,5.494942280307037e-06,4.718978744131164e-06
2481,5.570436622090508e-06,1.2686625705100596e-05,5.4623018101766426e-06,4.623323132909719e-06
2482,4.94046364918985e-06,3.5311171632201875e-06,5.461497600158005e-06,4.79457421861298e-06
2483,4.369593630649938e-06,3.6029044895258265e-06,5.437923565599098e-06,4.803941931095325e-06
2484,4.768571240371481e-06,3.4600098479131703e-06,5.411320126424673e-06,4.7508040603133855e-06
2485,5.7441196440777274e-06,3.433360852795886e-06,5.456027116128503e-06,4.8675376398023226e-06
2486,4.702922409099604e-06,2.856284563677036e-06,5.460106899934342e-06,4.923104097542819e-06
2487,5.493176660012169e-06,3.4738920385279925e-06,5.514317610343116e-06,4.8566401659627446e-06
2488,4.820614215835425e-06,8.74974723046762e-06,5.4711119293642695e-06,4.964358259894653e-06
2489,5.3378490782860256e-06,3.1372948615171482e-06,5.475779950858043e-06,5.023405575047946e-06
2490,5.015327719269812e-06,6.488251347036566e-06,5.4795425622513806e-06,4.9879173493536645e-06
2491,6.671972769254353e-06,3.1474628212890822e-06,5.506055689531625e-06,4.8281336301442936e-06
2492,4.894253158151211e-06,3.808488345384831e-06,5.397719002778306e-06,4.930566983603058e-06
2493,5.994201312407515e-06,5.613144712697249e-06,5.444714728582767e-06,5.114177061113878e-06
2494,5.136678991119778e-06,8.957693789852783e-06,5.466495150540141e-06,4.927042303825146e-06
2495,4.686564961957629e-06,4.756165890285047e-06,5.446769334432449e-06,5.022937961257413e-06
2496,5.5351065263190925e-06,3.078351610383834e-06,5.503513248064943e-06,5.015343876584667e-06
2497,6.628216469835024e-06,6.582394016731996e-06,5.5486241608579996e-06,5.0520000469987285e-06
2498,5.841047290636602e-06,4.713386551884469e-06,5.56227481546456e-06,5.0901167378469845e-06
2499,6.412340611253361e-06,3.84762106477865e-06,5.644577041958755e-06,5.220154545895639e-06
2500,4.93557328607292e-06,6.313105459412327e-06,5.638499120767745e-06,5.365377268026351e-06
2501,5.2346464791399844e-06,5.11772426762036e-06,5.6252092097161534e-06,5.42543964838842e-06
2502,4.679346919955505e-06,2.968206499645021e-06,5.660442880252958e-06,5.571155199140777e-06
2503,6.631241449213121e-06,3.5406890583544737e-06,5.666834879149165e-06,5.450963715702528e-06
2504,5.434434717446695e-06,6.4403840951854365e-06,5.599755774366914e-06,5.491367146532866e-06
2505,6.6391684029238405e-06,7.550120244559366e-06,5.584735836358352e-06,5.502265148606966e-06
2506,6.114947171024849e-06,8.008256772882305e-06,5.576973031242635e-06,5.4956856587523355e-06
2507,4.447318246497566e-06,5.928508599026827e-06,5.591633248978823e-06,5.302400391883566e-06
2508,5.788191471462294e-06,3.4130523727071705e-06,5.586029026865919e-06,5.276194987163762e-06
2509,5.8963440601979126e-06,4.376414108264726e-06,5.558264568591968e-06,5.451795392582425e-06
2510,6.085386009241726e-06,4.386278124002274e-06,5.496548455206113e-06,5.309078113714349e-06
2511,6.760478071454499e-06,6.107229764893418e-06,5.5156789987854086e-06,5.348839853468235e-06
2512,5.341228630236906e-06,7.104460091795773e-06,5.453969336809273e-06,5.3863491801166675e-06
2513,4.488366439545643e-06,1.0251306739519351e-05,5.48428543113712e-06,5.316160366783152e-06
2514,6.21869084170612e-06,6.7801836303260645e-06,5.515749894625009e-06,5.579955260327552e-06
2515,5.175127691674991e-06,3.483464261080371e-06,5.5150734876507254e-06,5.670965892932145e-06
2516,4.9949951496980955e-06,4.157548592047533e-06,5.513400198813341e-06,5.70269101554004e-06
2517,4.518754707937155e-06,4.080938397237332e-06,5.5258887389249535e-06,5.587541502245586e-06
2518,5.800131184514612e-06,5.448657466331497e-06,5.459337096807657e-06,5.9561864090937885e-06
2519,5.503184434524479e-06,4.12556211813353e-06,5.437463011084118e-06,5.983869578267331e-06
2520,4.546459409135019e-06,4.101030772289959e-06,5.472105773414012e-06,5.91472935229831e-06
2521,4.840995069470308e-06,7.468361745850416e-06,5.430454322635746e-06,5.951656053002808e-06
2522,5.085313635188665e-06,3.014462045030086e-06,5.44274772669774e-06,5.937372697735555e-06
2523,6.319310880118994e-06,5.707430045731599e-06,5.3950240340984445e-06,5.894291220829473e-06
2524,4.869599061849941e-06,4.785354230989469e-06,5.3206479107151015e-06,5.771539007764659e-06
2525,5.693475644269104e-06,4.558385126074427e-06,5.3125817286450516e-06,5.620276815170655e-06
2526,6.021258066337193e-06,1.1712596606230363e-05,5.3338927256239326e-06,5.810269100038567e-06
2527,4.6624367455984205e-06,5.243472314759856e-06,5.3740881894150844e-06,5.6525484589656115e-06
2528,6.589409228278479e-06,4.333817123551853e-06,5.397004645035649e-06,5.813567683435395e-06
2529,5.746648220237047e-06,3.5616462628240697e-06,5.427770588175919e-06,5.773183361816337e-06
2530,4.9753773499914035e-06,1.676624291576445e-05,5.453007527689303e-06,5.870522592522321e-06
2531,5.568095027936377e-06,8.700336002220865e-06,5.443650360211906e-06,5.8218968439177845e-06
2532,5.313387304744942e-06,4.200002949801274e-06,5.41518508440883e-06,5.864008686694433e-06
2533,4.746905202005614e-06,4.336219890319626e-06,5.436173966538466e-06,6.003119770684861e-06
2534,6.203679161747762e-06,4.019330226583407e-06,5.455367993130899e-06,5.832839045979199e-06
2535,4.8922936942593275e-06,3.3092412013502327e-06,5.419394200240883e-06,5.856215170206269e-06
2536,4.901074986870905e-06,3.0384244382730685e-06,5.350804476701241e-06,5.9249251440633085e-06
2537,5.139574078485668e-06,3.322905276945676e-06,5.427699648539096e-06,5.906280115959817e-06
2538,5.0211413640176435e-06,1.5001113861217163e-05,5.39210346796608e-06,6.086403313383926e-06
2539,7.223577436484952e-06,2.8371676035021665e-06,5.380185005398946e-06,5.749993798599461e-06
2540,5.748039082189077e-06,7.508944872824941e-06,5.378280744237903e-06,5.7943902724218786e-06
2541,5.764143728204848e-06,3.1479405515710825e-06,5.322704311523315e-06,5.832261705290876e-06
2542,5.149678195771736e-06,6.514419164886931e-06,5.296489165225972e-06,6.310973508152529e-06
2543,5.566201997579709e-06,4.233013751218095e-06,5.294178142260838e-06,5.877281901121023e-06
2544,4.791552539447568e-06,5.1783581875497476e-06,5.278322090857223e-06,5.7491703544656045e-06
2545,5.071181462375938e-06,7.5788078720506745e-06,5.263690253802148e-06,5.741342649707803e-06
2546,5.320845734281142e-06,3.2113436282088516e-06,5.293418696924669e-06,5.7083339041128055e-06
2547,4.1859688129382755e-06,3.5988651507068426e-06,5.247847827033386e-06,5.693331790462252e-06
2548,4.60456779162794e-06,7.425179392157588e-06,5.213094350458252e-06,5.6785909444442945e-06
2549,6.791978357796324e-06,4.319228528402164e-06,5.264685969005868e-06,5.719670743928873e-06
2550,4.8035711299437224e-06,9.061465061677153e-06,5.256631646989262e-06,6.272833822731628e-06
2551,5.723296502158822e-06,3.3023587366187713e-06,5.357035593624459e-06,5.831742403825047e-06
2552,4.614830216572348e-06,6.353384160320274e-06,5.257335608015031e-06,6.015572653632262e-06
2553,5.199998410413779e-06,5.280602945276769e-06,5.2212867789219475e-06,5.830417115794262e-06
2554,5.091269562803468e-06,1.55294413343654e-05,5.149124122949111e-06,5.87843684006657e-06
2555,4.917601775863052e-06,5.923952739976812e-06,5.102600536540396e-06,5.8598915380571265e-06
2556,5.1716937428459965e-06,5.497547335835406e-06,5.113152743878245e-06,5.844839651763322e-06
2557,4.947591378368088e-06,4.004310330856242e-06,5.107246091979e-06,5.788190519888303e-06
2558,5.490116280068631e-06,3.5110012504446788e-06,5.088076803359501e-06,5.655006403321749e-06
2559,5.064407414465677e-06,3.644277385319583e-06,5.061669212712637e-06,5.657622428043396e-06
2560,4.023456779880993e-06,2.940720050901291e-06,5.1453649964565164e-06,5.706095597633975e-06
2561,6.190865450561331e-06,4.065419425387517e-06,5.18249605180851e-06,5.548442614235682e-06
2562,4.938216028070504e-06,1.715198224701453e-05,5.1095603979774764e-06,5.5844801947387165e-06
2563,7.531240029897566e-06,3.973828388552647e-06,5.179782632937229e-06,5.404267798076034e-06
2564,4.731077796249237e-06,7.432923848682549e-06,5.153330281852202e-06,5.405271993731731e-06
2565,4.846818354861979e-06,2.880056426874944e-06,5.162713139280742e-06,5.34317923556955e-06
2566,3.960077328883927e-06,4.348433658378781e-06,5.1518162072170534e-06,5.283789865279685e-06
2567,3.986588535553892e-06,6.050786614650861e-06,5.158824158166277e-06,4.7756528314494056e-06
2568,5.8300071810258995e-06,3.856716593872989e-06,5.163987300289187e-06,4.686659256185521e-06
2569,4.643886241966458e-06,3.7621298906742596e-06,5.14676791705521e-06,4.584747120316022e-06
2570,4.591949246888463e-06,4.249204957886832e-06,5.132830675130309e-06,4.540641598941873e-06
2571,4.660655968109495e-06,3.2767442462500184e-06,5.0981412283565284e-06,4.530201678426238e-06
2572,6.27836340653529e-06,4.810694390471326e-06,5.110323910452685e-06,4.522487327631098e-06
2573,5.532844175427777e-06,3.4838548072002596e-06,5.156920669024758e-06,4.66683850499976e-06
2574,4.968587012020483e-06,5.220168040978024e-06,5.128370394959347e-06,4.624371942554717e-06
2575,6.5591270039375454e-06,4.556155145110096e-06,5.112233236529087e-06,4.050177618773887e-06
2576,5.061987725033153e-06,3.3274636280111737e-06,5.027281747687892e-06,4.052467358269496e-06
2577,4.849401652285855e-06,4.801065206265775e-06,5.0606979857952355e-06,4.188661345688161e-06
2578,4.927575108821556e-06,3.795868688030168e-06,5.082279663676873e-06,4.181927063109471e-06
2579,5.266468336534065e-06,2.826015488608391e-06,5.10452890367661e-06,4.265490365651205e-06
2580,5.0466803289358114e-06,3.699113358379691e-06,5.174681883727317e-06,4.121682158802287e-06
2581,4.74120916199657e-06,2.9497439390979705e-06,5.149899103950398e-06,4.069811553563341e-06
2582,4.599160330245569e-06,2.901672296502511e-06,5.140483766040738e-06,4.405397372829612e-06
2583,4.622880110724105e-06,3.250003237553756e-06,5.1915058993068255e-06,4.384205660971931e-06
2584,5.368974466869582e-06,3.4514186154410708e-06,5.173779425684996e-06,4.395050786843058e-06
2585,5.188375744182849e-06,6.549499485117849e-06,5.147527155754183e-06,4.335719331720611e-06
2586,5.477108598926053e-06,3.0037553642614513e-06,5.152731738861702e-06,4.3811495004774766e-06
2587,4.534787067314028e-06,2.7971241524937794e-06,5.149308859795889e-06,4.328107773108058e-06
2588,5.4074528088676745e-06,4.031071875942871e-06,5.0635720995665505e-06,4.249278300994774e-06
2589,5.566483748932822e-06,1.0837773534149164e-05,5.049860507521469e-06,4.240492971075582e-06
2590,5.386360301902944e-06,2.7116993624076713e-06,5.072436816569988e-06,4.194647044641897e-06
2591,4.516308328877332e-06,6.437516221922124e-06,5.087158996725015e-06,4.353702903608791e-06
2592,5.740413036821539e-06,2.4555814434279456e-06,5.099118098304542e-06,4.3809311744553264e-06
2593,5.2104376866029475e-06,2.5599514628993346e-06,5.0980021420804805e-06,4.4223017524927856e-06
2594,4.408502794224963e-06,1.2151775372331031e-05,5.1087732291812755e-06,4.406547117469017e-06
2595,5.8675025785406535e-06,3.7194121614447794e-06,5.126804260362406e-06,4.391060067064245e-06
2596,4.217494127563744e-06,3.5478723930282287e-06,5.165439228140813e-06,4.550695977377473e-06
2597,5.622056658264935e-06,3.32740801241016e-06,5.1849423624339064e-06,4.554270245353109e-06
2598,5.6629587531157695e-06,4.619609026121907e-06,5.233320263303338e-06,4.878802450184594e-06
2599,4.8830150353751374e-06,3.894124856742564e-06,5.322947807467748e-06,4.936237708170666e-06
2600,4.415707998204096e-06,2.5854183422779895e-06,5.334582402146123e-06,4.9650223896605905e-06
2601,4.7191979239060955e-06,3.1078303800313735e-06,5.356749535510768e-06,4.930211264581886e-06
2602,5.413809378498829e-06,3.6549170454236446e-06,5.352003962778123e-06,4.799460856156657e-06
2603,5.295629612697262e-06,7.77226516220253e-06,5.3032249714710295e-06,4.906469279376325e-06
2604,5.565445876022245e-06,3.5067222597717772e-06,5.275883726345555e-06,4.772837720156532e-06
2605,5.018781423334278e-06,4.733377809316153e-06,5.230755795330171e-06,4.850032152899075e-06
2606,5.01048633951642e-06,2.555878063503769e-06,5.18627937045595e-06,4.880277314077831e-06
2607,5.0499361097738274e-06,2.514496036383207e-06,5.218217619080355e-06,4.500888396432856e-06
2608,5.588754305184315e-06,7.240900995384436e-06,5.1632497761198044e-06,4.745494609960588e-06
2609,5.856552824196923e-06,3.5407753148319897e-06,5.227149735502381e-06,4.96704815850535e-06
2610,6.397823265918608e-06,1.4662804605904967e-05,5.194420369338736e-06,4.962090724438895e-06
2611,7.717797203036348e-06,4.439636813913239e-06,5.162046342795496e-06,4.939635879418346e-06
2612,4.8256519342733855e-06,3.516741189741879e-06,5.127334854235717e-06,4.93041697445733e-06
2613,5.961631142983808e-06,3.1607937489752658e-06,5.11308068578526e-06,4.939444919364177e-06
2614,5.447844430616694e-06,7.569013323518448e-06,5.082245782088851e-06,4.977136661909753e-06
2615,4.166885519225616e-06,5.386909942899365e-06,5.0375600921446075e-06,5.027497549235704e-06
2616,3.832777200740465e-06,3.0967272414272883e-06,5.064782556898232e-06,4.984344842887367e-06
2617,4.612214761436917e-06,4.3854422619915565e-06,5.015623933852313e-06,5.299815706166555e-06
2618,4.098527064747436e-06,3.316080492368201e-06,4.97608696370864e-06,5.307562399320887e-06
2619,5.20695900983507e-06,2.6670524312066847e-06,4.95958258393835e-06,5.330638993837056e-06
2620,4.493306504526926e-06,9.83456749963807e-06,4.94140690469875e-06,5.337986613812974e-06
2621,5.8149931121281246e-06,9.086711106647271e-06,4.964914584949534e-06,5.1562864071456715e-06
2622,4.803822504173796e-06,3.2034721607487883e-06,5.0322365891689605e-06,5.365536665703985e-06
2623,4.853608089534747e-06,4.058237900608219e-06,4.9440750899925155e-06,4.882861160513131e-06
2624,4.015227821380702e-06,3.6636522327171406e-06,4.848067783879944e-06,4.878173713586876e-06
2625,4.059353786942666e-06,2.8111169649491785e-06,4.825603068456985e-06,4.951445547339973e-06
2626,3.948325331495855e-06,4.050123943670769e-06,4.793575340873859e-06,4.95145250170026e-06
2627,4.296667129892739e-06,4.913939228572417e-06,4.750347840510788e-06,4.958812439872418e-06
2628,5.976191231537895e-06,6.693447503494099e-06,4.754061113999343e-06,4.863754115285702e-06
2629,4.336480299874287e-06,1.139349384175148e-05,4.7676444786904755e-06,4.928235287661665e-06
2630,4.030357169742476e-06,4.927045138174435e-06,4.780380262309338e-06,4.8672695789719e-06
2631,4.597876845259129e-06,3.1327929264080012e-06,4.863887081430424e-06,4.999889119790169e-06
2632,4.595544128783836e-06,2.698186535781133e-06,4.895345898916681e-06,5.1790944111417055e-06
2633,6.1764463114539265e-06,2.698395828701905e-06,4.876495723490533e-06,5.03556774056051e-06
2634,7.539602929682587e-06,8.772031778789823e-06,4.818686040966391e-06,4.82386715739267e-06
2635,4.193785786507457e-06,2.595916976133594e-06,4.8301570565551335e-06,4.848213700825e-06
2636,5.317614550222061e-06,4.32245064075687e-06,4.805691302539749e-06,4.796044548129431e-06
2637,4.264034048699412e-06,5.348537033569301e-06,4.809803539380179e-06,4.926921646620031e-06
2638,5.160937953405664e-06,3.160967607982457e-06,4.830407484708607e-06,4.980720805906459e-06
2639,4.367156921539896e-06,7.753011777822394e-06,4.847360745791068e-06,5.4619542384898525e-06
2640,4.259717356439473e-06,3.010451828231453e-06,4.870769878895468e-06,5.5188228016049836e-06
2641,4.172361318018779e-06,4.708756550826365e-06,4.825339616359594e-06,5.402238597525866e-06
2642,4.9306093519084644e-06,2.8612995447474533e-06,4.836379449847705e-06,5.132579840210382e-06
2643,6.186197542774607e-06,6.631569012824912e-06,4.863969836090595e-06,5.0432162959623385e-06
2644,5.993429446991488e-06,7.147184714995092e-06,4.88549099502254e-06,5.0454382206226e-06
2645,4.022052118873237e-06,6.246400735108182e-06,4.91648051544568e-06,5.139560030511347e-06
2646,4.369751049024571e-06,3.794196527451277e-06,4.835296103131744e-06,5.166648693193565e-06
2647,5.090597893892361e-06,3.8121357465570328e-06,4.762801757553663e-06,5.230436911006109e-06
2648,4.241964239150143e-06,2.7540090832189888e-06,4.793330123296376e-06,5.227614294199157e-06
2649,4.118033742391466e-06,6.935579694982152e-06,4.795038094966406e-06,5.187915206261096e-06
2650,4.574452420153345e-06,4.1560959471098616e-06,4.857616939928751e-06,5.080563300725771e-06
2651,4.372156858557395e-06,1.608095975825563e-05,4.838669023855699e-06,5.06701725134917e-06
2652,4.881895457502752e-06,6.335653306450695e-06,4.83932760558269e-06,4.872836112190271e-06
2653,4.840434668141016e-06,3.7788424015161583e-06,4.830318053690361e-06,4.870542616845342e-06
2654,4.612476137077061e-06,4.652024908864405e-06,4.815620166704725e-06,4.8113985518284615e-06
2655,4.720116825814734e-06,2.692956531973323e-06,4.825518590364987e-06,5.3886856920144054e-06
2656,5.135905818557755e-06,3.188341042914544e-06,4.814597544605529e-06,5.227227496652631e-06
2657,5.37028213936234e-06,5.051231782999821e-06,4.762151971428669e-06,5.1744731528742695e-06
2658,4.146836003605535e-06,3.3756123957573437e-06,4.83696429433217e-06,5.1096055838570455e-06
2659,5.727244290230576e-06,1.0366737224103417e-05,4.9001784626145505e-06,5.10131155278941e-06
2660,4.956994930075274e-06,2.525351555959787e-06,4.853744727289368e-06,5.062479051412082e-06
2661,5.360313841972837e-06,3.329973442305345e-06,4.869516355595099e-06,5.116853933941456e-06
2662,5.828505172758014e-06,2.664739395186189e-06,4.8895095157301215e-06,5.013629803943331e-06
2663,4.687240051579364e-06,2.822316373567446e-06,4.9188689154915565e-06,4.98929117602529e-06
2664,4.383621464714653e-06,2.8984832988498964e-06,4.93465025433074e-06,4.81450185616268e-06
2665,4.034478559131255e-06,2.953114444608218e-06,4.946221199740345e-06,4.721426322066691e-06
2666,3.804914143377876e-06,3.2301549254043493e-06,4.943995007730943e-06,4.669581578127691e-06
2667,5.178069943415014e-06,1.729347804939607e-05,4.96136360812266e-06,4.732765173321241e-06
2668,5.9131713987881085e-06,2.5951141287805514e-06,4.948570645865401e-06,4.763899563477025e-06
2669,4.682290117570018e-06,5.828326120536076e-06,4.969124348644982e-06,4.791428043245106e-06
2670,5.892360191460789e-06,4.6247115096775816e-06,4.943862004155462e-06,4.69668034274946e-06
2671,5.950105256084094e-06,3.5868457507604033e-06,4.977124781140043e-06,4.653726716060193e-06
2672,3.9297545107628036e-06,2.8413232121238254e-06,4.912793967398305e-06,4.38389422815817e-06
2673,4.636254946793391e-06,4.113381146453321e-06,4.932248672594143e-06,4.4380523704603545e-06
2674,4.61786274576702e-06,4.354976445029024e-06,4.871941541670014e-06,4.418881509991479e-06
2675,5.308437414189232e-06,3.5476302491588285e-06,4.814028548551304e-06,4.505060493102064e-06
2676,4.76669032953699e-06,1.1711226761690341e-05,4.8588728186385e-06,4.547198222280713e-06
2677,5.171169092742882e-06,4.008764954051003e-06,4.895782213275702e-06,4.741041930174106e-06
2678,4.784779867905955e-06,2.4827238030411535e-06,4.926241303857952e-06,5.113868029002333e-06
2679,5.046691146870014e-06,6.231614788703155e-06,5.022593005742237e-06,5.196206035907379e-06
2680,4.400292769383264e-06,3.4713162858679426e-06,5.039366684670514e-06,4.719048509286949e-06
2681,5.649748388047253e-06,3.8765530371165366e-06,4.984403784308395e-06,4.883726328262128e-06
2682,4.738723527124319e-06,2.682539270608686e-06,4.95698059290185e-06,5.157777968997835e-06
2683,4.978405428220059e-06,2.3017717285256365e-06,4.905672748282085e-06,5.091949288907927e-06
2684,4.118973946687119e-06,3.620925026552868e-06,4.889750613478504e-06,5.0470042209781255e-06
2685,5.443362559971219e-06,3.87930511351442e-06,4.937601537029776e-06,5.079625088183094e-06
2686,3.852635568869624e-06,2.8507019305834546e-06,4.93361467698479e-06,5.046525567013304e-06
2687,4.380680344790259e-06,4.81921397295082e-06,4.902054304814858e-06,4.989834644584335e-06
2688,5.8083468037592765e-06,3.875759603033657e-06,4.872931983724508e-06,5.001543730395497e-06
2689,5.306356330644727e-06,7.744575996184721e-06,4.858358469977651e-06,5.4477446861710634e-06
2690,4.795955823687513e-06,1.2273766915313899e-05,4.851321154476156e-06,5.424681968361256e-06
2691,6.213706690484994e-06,5.28860509803053e-06,4.825390472736521e-06,5.424905085601495e-06
2692,5.597411916621948e-06,5.3645398838853e-06,4.872113765284465e-06,5.289384328716552e-06
2693,4.539098889735114e-06,6.7120596031600144e-06,4.854437955590483e-06,5.250589632851188e-06
2694,3.996710332406413e-06,1.2679617138928734e-05,4.842024612500811e-06,5.2263699773902775e-06
2695,4.6096640759666724e-06,2.9789945074298886e-06,4.860010065264456e-06,5.481178791887942e-06
2696,5.552051885994539e-06,2.463219052515342e-06,4.844922060692625e-06,5.538602114029345e-06
2697,5.126027599544614e-06,3.6568448922480456e-06,4.896790800739836e-06,5.5341763189062475e-06
2698,4.536583445668738e-06,3.285893117208616e-06,4.847859387700736e-06,5.65257174675935e-06
2699,3.828853441518731e-06,2.9377033843047682e-06,4.888384505688412e-06,5.632367043654087e-06
2700,4.580379386930468e-06,3.840357394437888e-06,4.921977483354567e-06,5.598730603742297e-06
2701,4.402352485865574e-06,2.28662506560795e-05,4.854283288497955e-06,5.534867436654168e-06
2702,4.995236205205502e-06,3.432197008805815e-06,4.795679462202112e-06,5.668427670752863e-06
2703,4.136512824415048e-06,2.488301734047127e-06,4.810357527175156e-06,5.2884229760820745e-06
2704,6.214773460568621e-06,2.8435958665795626e-06,4.731106436884148e-06,5.188565525531886e-06
2705,3.958397527033715e-06,2.5014488892338706e-06,4.761157835067328e-06,5.106620609149104e-06
2706,5.339414810805465e-06,3.271061650593765e-06,4.738026151042302e-06,4.9898338871571465e-06
2707,5.188359846215463e-06,9.0527596330503e-06,4.767149394845344e-06,4.6398614809731945e-06
2708,4.6012053139242605e-06,3.73735478206072e-06,4.745038698759648e-06,4.6154071307682895e-06
2709,5.4156924478674125e-06,3.5102801484754308e-06,4.705112214631096e-06,4.6477750613121315e-06
2710,4.220077233993733e-06,6.8391908098419665e-06,4.682834765258626e-06,4.669748122978489e-06
2711,4.865763518561531e-06,2.345584352951846e-06,4.68325153950799e-06,4.80129964525986e-06
2712,5.220504786444103e-06,3.9783029751561115e-06,4.693975743005769e-06,4.820023634601967e-06
2713,4.115991932344009e-06,2.279180425830418e-06,4.6993299738056124e-06,4.799262790038485e-06
2714,3.841260673248649e-06,1.1083581848652101e-05,4.746624887270123e-06,4.026445555064128e-06
2715,5.1629074480135585e-06,2.7736495485441994e-06,4.737551439696594e-06,4.03715588763589e-06
2716,4.2324294332097955e-06,2.792168834275799e-06,4.738512045676343e-06,4.36246388235304e-06
2717,6.348696871201456e-06,3.315916974315769e-06,4.671884779559656e-06,4.370195508090546e-06
2718,3.9608067891094835e-06,3.792391553361085e-06,4.671416883724709e-06,4.508313429687405e-06
2719,4.724791427482463e-06,3.930306984329946e-06,4.649566453594566e-06,4.484346806930261e-06
2720,4.056896673824263e-06,2.367635752307251e-06,4.618890677273965e-06,4.2611886648956e-06
2721,4.553889782780769e-06,3.272417316111387e-06,4.59842037907947e-06,4.202096604058171e-06
2722,4.569091365232857e-06,4.2061714339070025e-06,4.572512438021981e-06,4.177757894285605e-06
2723,4.547002801902838e-06,6.574681174242869e-06,4.576324666959407e-06,4.494509219875909e-06
2724,4.096958528963215e-06,3.405803117857431e-06,4.675408562353469e-06,4.570576515470748e-06
2725,4.714235156926507e-06,3.321336280350806e-06,4.755263503809854e-06,4.516232219975791e-06
2726,5.584725322478334e-06,3.5458197817206383e-06,4.7618599193406725e-06,4.644276943508885e-06
2727,4.768400015867277e-06,3.699955323099857e-06,4.77321557397469e-06,4.5149177592975325e-06
2728,4.160527973908756e-06,1.0621001601975877e-05,4.7276201897653245e-06,4.92820216313703e-06
2729,4.549091807651469e-06,3.0368865100172114e-06,4.773568190244581e-06,4.9259091738349516e-06
2730,3.946700131160065e-06,5.954396929155337e-06,4.68285885787433e-06,5.026824866945389e-06
2731,4.793154057551874e-06,2.6718960816651816e-06,4.688644103023558e-06,4.983010218347771e-06
2732,4.421465438200458e-06,3.473806082183728e-06,4.714168647357534e-06,4.963357790984445e-06
2733,4.089447859061895e-06,2.2600532611249945e-06,4.707374274544742e-06,4.963683020469034e-06
2734,4.767993921430186e-06,2.901812404161319e-06,4.692970056486149e-06,4.986480965817463e-06
2735,4.3153829574293925e-06,1.4757973949599546e-05,4.717302332897412e-06,5.951828488105093e-06
2736,7.3428609034130605e-06,4.2472667428228305e-06,4.780930274339173e-06,5.954751576427953e-06
2737,7.21687832285372e-06,2.619695587782189e-06,4.7816460885062246e-06,5.99469022708945e-06
2738,4.280902320614486e-06,5.480298514157767e-06,4.7917000474828664e-06,6.091443780314876e-06
2739,4.125152039099097e-06,7.84960224336828e-06,4.729717550758828e-06,6.100440096633974e-06
2740,4.023022842779432e-06,1.3105759644531644e-05,4.684940142639486e-06,6.22631982259918e-06
2741,5.381129445191214e-06,2.7348441017238657e-06,4.67559080281919e-06,6.065175056573935e-06
2742,4.080963561945181e-06,5.838809302076697e-06,4.693533459552176e-06,6.0480635733256355e-06
2743,4.105437917840189e-06,2.6970253384206446e-06,4.7693588962122e-06,5.941714935397612e-06
2744,5.362905035831823e-06,3.4389963002467993e-06,4.754544267820569e-06,5.9762536187918165e-06
2745,3.887037353504437e-06,2.3757664894219487e-06,4.802990732019275e-06,5.970819023059449e-06
2746,4.193784331315934e-06,3.842365949822124e-06,4.795536185419123e-06,5.976581804861781e-06
2747,5.177398275514457e-06,2.833985949109774e-05,4.7724060284154905e-06,6.419024516071659e-06
2748,6.137701337946863e-06,6.64775838231435e-06,4.773240628896424e-06,5.935384795520805e-06
2749,4.1148538831395045e-06,4.404269384394866e-06,4.685046603238638e-06,5.970655854980578e-06
2750,4.96558413134254e-06,5.7401751109864565e-06,4.594474620817993e-06,6.052323886615341e-06
2751,4.035162904377406e-06,3.7707276896981056e-06,4.608270988036465e-06,5.938524724115269e-06
2752,3.648964812883706e-06,6.846948472229997e-06,4.636160725567606e-06,5.758527659054381e-06
2753,3.9267944784013605e-06,6.592382451344747e-06,4.6385899579440265e-06,5.366865629184759e-06
2754,4.9976582259761114e-06,2.6090994288097137e-06,4.56690778058449e-06,5.352894347743132e-06
2755,5.842336047660663e-06,3.295680980954785e-06,4.557381402385847e-06,5.2072239035624086e-06
2756,4.4227883477611205e-06,3.5353631665202558e-06,4.575322016292678e-06,5.276425819465659e-06
2757,5.632627043168112e-06,3.337941188874538e-06,4.527846930795932e-06,5.270245021893063e-06
2758,3.903084194058061e-06,2.4041228061832953e-06,4.525573601939767e-06,5.315219652766247e-06
2759,4.189739996339389e-06,1.3962880184408277e-05,4.570284713675695e-06,5.270170059520752e-06
2760,4.336247969452719e-06,2.666980935828178e-06,4.54514844896039e-06,4.281359148444608e-06
2761,5.138010261968399e-06,5.129043229317176e-06,4.44824830192374e-06,4.144781061040704e-06
2762,4.952578762337604e-06,4.661396378651261e-06,4.4502186993162875e-06,4.2596089071594184e-06
2763,4.62581150107629e-06,2.6353194516559596e-06,4.43887521638923e-06,4.16217554884497e-06
2764,4.822395477377641e-06,3.3496756168460707e-06,4.519385927900051e-06,4.127328164031497e-06
2765,4.083753652189949e-06,3.3142088977911046e-06,4.556393157104644e-06,3.986965020885691e-06
2766,3.5890750112028197e-06,2.385562065683189e-06,4.560282878871173e-06,4.1681544331368055e-06
2767,3.842804106979101e-06,2.1970481975586154e-06,4.587245480252022e-06,4.2591311306750874e-06
2768,4.5539532655109524e-06,4.427073236001888e-06,4.591034523582494e-06,4.217801765480544e-06
2769,4.176027898413142e-06,3.2844763609318763e-06,4.599794432801395e-06,4.4186021190398615e-06
2770,3.830204132100335e-06,3.500132261251565e-06,4.5574460728554804e-06,4.446594177716179e-06
2771,5.311562124714126e-06,2.7161261186847696e-06,4.540600926480289e-06,4.515946266474202e-06
2772,4.548991657631834e-06,3.6195867141941564e-06,4.532653579230506e-06,4.1007920677657245e-06
2773,3.715197662030631e-06,3.233306197216734e-06,4.513298172504519e-06,4.098977469038801e-06
2774,4.164113817953168e-06,7.274965537362732e-06,4.468369786607379e-06,4.10054849635344e-06
2775,4.681997058166114e-06,3.3043411531252787e-06,4.461598545680721e-06,4.050782026752131e-06
2776,6.047930692147929e-06,2.8995430693612432e-06,4.438199253672792e-06,4.123110746149905e-06
2777,4.574145542998546e-06,3.337869893584866e-06,4.440363643940752e-06,4.655973388798884e-06
2778,4.024037522564565e-06,1.1122117757622619e-05,4.497667107858029e-06,4.646421356301289e-06
2779,5.671723260497351e-06,4.883516867266735e-06,4.556486979122888e-06,4.833181562935351e-06
2780,5.937062130922438e-06,2.2624468510912267e-06,4.597157337795781e-06,5.400704919520649e-06
2781,4.64178607823366e-06,8.555372005503159e-06,4.5992702241872186e-06,5.382147481213906e-06
2782,4.573918044520219e-06,4.037742655782495e-06,4.636086416030593e-06,5.332499032738269e-06
2783,3.481955534678289e-06,4.1379250251338814e-06,4.643122629305355e-06,5.334704140113899e-06
2784,3.991056315094789e-06,3.584025216696318e-06,4.634292559765325e-06,5.320610918715828e-06
2785,3.852362801303065e-06,2.621615967655089e-06,4.6797704261431746e-06,5.314571766939479e-06
2786,4.014800614539935e-06,5.168318912183168e-06,4.734831836908093e-06,5.337262996908975e-06
2787,4.7832977391711514e-06,3.4172346386185383e-06,4.758818267893932e-06,5.240071000298484e-06
2788,4.040829200878054e-06,4.443537436600309e-06,4.762865797662622e-06,5.2528606389387275e-06
2789,4.8765052340766285e-06,1.6671241683070546e-05,4.721864099964377e-06,5.311940483443322e-06
2790,5.516340250121882e-06,3.075408085351228e-06,4.68878250329807e-06,5.279354956292081e-06
2791,5.059571792824298e-06,7.0545672315347476e-06,4.672178010797425e-06,5.032939327793428e-06
2792,4.859563073801433e-06,1.638513211219106e-05,4.612394635357002e-06,5.114701340789907e-06
2793,4.6067754252968975e-06,3.963137278333306e-06,4.5231870006925126e-06,5.142916369368322e-06
2794,5.096432694497505e-06,2.0432651490409626e-06,4.480917119185001e-06,4.913539312110515e-06
2795,4.006109463969349e-06,3.5552599456423194e-06,4.551698677500504e-06,4.852976509209838e-06
2796,5.0908103862133835e-06,2.3637955837330082e-06,4.5859403832663614e-06,4.805312056851107e-06
2797,5.685938317078075e-06,3.468607919785427e-06,4.568799204813938e-06,4.862980456528021e-06
2798,5.091732931153577e-06,3.800586946454132e-06,4.595964374109625e-06,4.874824497528607e-06
2799,4.763774592599172e-06,4.845165622100467e-06,4.683793216059309e-06,4.777793157336419e-06
2800,4.78318530238337e-06,3.6240821191313445e-06,4.634337189337304e-06,4.797009101821459e-06
2801,5.022888249691783e-06,4.376539181976113e-06,4.641128229155179e-06,4.755567713436904e-06
2802,3.7471056263408778e-06,2.5232317148038418e-06,4.604567656982303e-06,4.328231337422038e-06
2803,3.6089252100484575e-06,4.9617270451562945e-06,4.573774269455397e-06,4.39996290806448e-06
2804,4.177138874486749e-06,6.927567192178685e-06,4.5340346688640745e-06,4.226683176602819e-06
2805,3.7068712643101915e-06,2.9678225655516143e-06,4.49583984130489e-06,3.6866954509605417e-06
2806,3.585039040545881e-06,2.820945574057987e-06,4.491493683761088e-06,3.6305847082985563e-06
2807,6.34345700240778e-06,2.5236725832655794e-06,4.459130993523608e-06,3.6427830262255155e-06
2808,4.337998178824718e-06,2.946313716165605e-06,4.445561974454095e-06,3.621775070496369e-06
2809,3.5625268537842205e-06,5.025735208619153e-06,4.383617492668337e-06,3.6083162209251893e-06
2810,4.531492033695233e-06,2.9177169926697386e-06,4.3101980904086505e-06,3.5958200332970588e-06
2811,6.210521663282028e-06,2.7425354073784545e-06,4.296685526282494e-06,3.565532513675862e-06
2812,3.5468970711210405e-06,3.897633250744548e-06,4.365392796595795e-06,3.549931320958422e-06
2813,4.210605196324953e-06,3.4075027269864223e-06,4.351505031020982e-06,3.6817933723796158e-06
2814,3.962490929754696e-06,5.987832282698946e-06,4.320185357149361e-06,3.6672499612905087e-06
2815,4.746505561949258e-06,4.868697351412265e-06,4.39418145063731e-06,3.783808567459346e-06
2816,4.066081778041229e-06,2.7225739449932007e-06,4.426855298374398e-06,3.7073648414661876e-06
2817,3.904692384821828e-06,2.8854389711341357e-06,4.403483381025176e-06,3.5206938158808043e-06
2818,4.498121486701873e-06,2.560368711783667e-06,4.4123472560386285e-06,3.532769392768387e-06
2819,4.287365438560503e-06,2.348223097214941e-06,4.446794890039503e-06,3.6701465920486958e-06
2820,3.66688398723151e-06,3.030061052413657e-06,4.346768197764403e-06,3.6932404524122834e-06
2821,3.5421983415694234e-06,2.0273243444535182e-06,4.330356218047705e-06,3.895315987392678e-06
2822,3.850453260585911e-06,3.156203229082166e-06,4.355140091886116e-06,3.873900615872117e-06
2823,4.7539188279996676e-06,3.0433989559242037e-06,4.396167733223895e-06,3.910906000237447e-06
2824,6.481456350431674e-06,4.455135804164456e-06,4.293953915779034e-06,3.980059727473417e-06
2825,4.4359911630130636e-06,6.920633404661203e-06,4.316271907070284e-06,4.0765386605926324e-06
2826,4.239896402901246e-06,4.012953904748429e-06,4.290436732703206e-06,4.034955122551764e-06
2827,5.597007963539606e-06,5.437196869024774e-06,4.339635956239363e-06,4.092302514254698e-06
2828,4.425771403475665e-06,3.050633895327337e-06,4.311231482865373e-06,4.081383134325734e-06
2829,3.592840940756206e-06,2.260791552544106e-06,4.28801136351669e-06,4.265663559999666e-06
2830,3.92846813964651e-06,3.269711987741175e-06,4.409358754936773e-06,4.414708372860331e-06
2831,4.446229890567742e-06,6.255375556065701e-06,4.412063235900455e-06,4.479603418440093e-06
2832,3.842789695530276e-06,3.1010190923552726e-06,4.404547769243234e-06,4.5204241763713075e-06
2833,3.927698685907267e-06,7.998202090675476e-06,4.4101626894997835e-06,4.554243775419309e-06
2834,4.182123699744504e-06,4.490350920605124e-06,4.4111662636674335e-06,4.590267209641752e-06
2835,5.557183067139704e-06,3.842851601802976e-06,4.422703573982289e-06,4.626121639739722e-06
2836,3.6551762271604577e-06,4.47137858827773e-06,4.383356382883599e-06,4.638007159155677e-06
2837,4.104846853402301e-06,6.309606578724924e-06,4.297625895317954e-06,4.556871623935876e-06
2838,3.5647258371480147e-06,2.367914275964722e-06,4.368829585999062e-06,4.476250081643229e-06
2839,5.192471518158628e-06,7.421517075272277e-06,4.3758595358465545e-06,4.409644956467673e-06
2840,4.036393727599514e-06,4.5957128531881606e-06,4.299616999782706e-06,4.3094598331663305e-06
2841,3.485578794324182e-06,7.32958458684152e-06,4.343040734036348e-06,4.380486470472534e-06
2842,6.938377170323899e-06,6.611559292650782e-06,4.3832356285646625e-06,4.581405845965493e-06
2843,4.565733510793911e-06,4.182744851277675e-06,4.447166901324334e-06,4.542683128238422e-06
2844,4.099478772129967e-06,3.3687420454953097e-06,4.458205922492199e-06,4.396435614398798e-06
2845,3.807256993645246e-06,3.8755510286136995e-06,4.439750842357171e-06,4.375178452028195e-06
2846,3.5672876957606704e-06,2.927910200014594e-06,4.470002170758865e-06,4.195569291186986e-06
2847,4.138886018457318e-06,4.0525639815314205e-06,4.454059270816894e-06,4.127819684435963e-06
2848,3.7702390505324325e-06,3.34053694132308e-06,4.404976058180586e-06,4.16928584490961e-06
2849,4.3381941612905295e-06,2.4267474236694395e-06,4.41854358693187e-06,4.0735777496593075e-06
2850,6.216083430040776e-06,4.9050948473450265e-06,4.484610047054755e-06,3.986255883501144e-06
2851,4.4156451490885555e-06,2.3478257753595246e-06,4.47818015307146e-06,3.988894800568232e-06
2852,3.690944561943373e-06,2.9325687864911742e-06,4.4268506065539745e-06,3.818023141138838e-06
2853,5.511364759816691e-06,4.826299827982439e-06,4.44400708836636e-06,3.734419001193601e-06
2854,4.5977133039640545e-06,7.2837759398680645e-06,4.457053346171355e-06,3.5705865924683163e-06
2855,5.526749958638296e-06,2.301644044564455e-06,4.3204491196876105e-06,3.4924815827253036e-06
2856,4.722205419764376e-06,2.599187710075057e-06,4.353143506402072e-06,3.479706272992189e-06
2857,3.3814126921546024e-06,2.569590033090208e-06,4.348339290784982e-06,3.520921881499817e-06
2858,4.683981895949627e-06,3.5079730696452317e-06,4.374981216864802e-06,3.5062202689005064e-06
2859,3.7835512011952233e-06,2.7966107518295758e-06,4.395782270714537e-06,3.50004433094e-06
2860,4.330102751232011e-06,4.879505613644142e-06,4.468190601740691e-06,3.4349914938502484e-06
2861,3.994364445942564e-06,2.0786762070201804e-06,4.45239831036209e-06,3.391273357919999e-06
2862,5.756508356474417e-06,4.126559924770845e-06,4.431535182063979e-06,3.4153423344832846e-06
2863,3.403978487565635e-06,2.4338872026419265e-06,4.3231188069411374e-06,3.3088944179326067e-06
2864,3.90923285522149e-06,3.149725589537411e-06,4.347292253947268e-06,3.3083683047152598e-06
2865,4.465305772909131e-06,2.5056093545572368e-06,4.334583889330033e-06,3.432821421301924e-06
2866,3.8117352394490608e-06,3.233774368709419e-06,4.286926326636199e-06,3.5526602980098693e-06
2867,3.52327150823031e-06,4.6589340490754695e-06,4.290006567922925e-06,3.8201007271709396e-06
2868,5.3830931786554474e-06,3.863362107949797e-06,4.233444468465879e-06,3.825329311075621e-06
2869,3.979373381702721e-06,4.399132258186001e-06,4.212818946204303e-06,4.028222681154148e-06
2870,4.473305145640754e-06,3.508010713630938e-06,4.256335029236248e-06,4.052949973993237e-06
2871,4.0873140420040324e-06,2.7735117510019335e-06,4.2427718992257725e-06,3.997131290452671e-06
2872,5.949094294111193e-06,2.4262430542876247e-06,4.279322979790675e-06,4.029699061720748e-06
2873,3.3754317660673727e-06,2.247583543066867e-06,4.255842723311313e-06,4.139442197993049e-06
2874,3.816615953837754e-06,3.0284718377515674e-06,4.2427001423776445e-06,4.160365499410546e-06
2875,3.505674051969739e-06,2.243896933578071e-06,4.210895039371583e-06,4.104811631987105e-06
2876,5.019981324241801e-06,2.3346729449258417e-06,4.218461374673806e-06,4.111756154088653e-06
2877,3.373235446512505e-06,6.043896701157792e-06,4.258554194873594e-06,4.081593776209046e-06
2878,4.319925692470861e-06,7.822271745681064e-06,4.229774942501132e-06,4.069932087077176e-06
2879,4.6747193361322084e-06,1.3969786668894813e-05,4.246422745260741e-06,4.3270276899420415e-06
2880,4.112697472212151e-06,2.432358642181498e-06,4.267561529862482e-06,4.313548932259436e-06
2881,4.206567363224975e-06,7.671521962038241e-06,4.2056245592903e-06,4.2729318094643535e-06
2882,4.469314767953216e-06,3.1877723540674197e-06,4.19382370712103e-06,4.2711828111350775e-06
2883,4.344903645687737e-06,2.1125059811311077e-06,4.206497958269514e-06,4.293340101867217e-06
2884,4.697328215317814e-06,3.6108050335315057e-06,4.223644789009187e-06,4.269176816160325e-06
2885,3.74309633924794e-06,7.623084020451642e-06,4.146069886418345e-06,4.785398157764574e-06
2886,3.6657999226008543e-06,2.601758742457605e-06,4.202935096165877e-06,4.8018250214227e-06
2887,4.961380781322886e-06,2.7377132391848136e-06,4.230153731522378e-06,5.100972409854876e-06
2888,3.5931368701211694e-06,2.6075002551806393e-06,4.274180738886773e-06,5.131702190919896e-06
2889,4.911553360216203e-06,2.39566614254727e-06,4.227846228887858e-06,5.1509594319213645e-06
2890,3.7458244635975763e-06,2.214067126260488e-06,4.244802079483635e-06,5.381735807168299e-06
2891,4.227930308439277e-06,9.66116444033105e-06,4.233905683900553e-06,5.238692232887843e-06
2892,4.05174112327384e-06,4.321965107010328e-06,4.207983755946366e-06,4.947401972094668e-06
2893,3.8346689143509135e-06,2.847934038072708e-06,4.197295638530503e-06,5.069168531190372e-06
2894,3.684352077470976e-06,4.355407299954095e-06,4.179602552721917e-06,4.849320884022746e-06
2895,4.790161424352845e-06,4.061942981934408e-06,4.167216105452099e-06,4.9558704791707e-06
2896,4.515984810495865e-06,2.169429608329665e-06,4.197394224057562e-06,5.014607582052122e-06
2897,4.009721729340122e-06,1.5331776594393887e-05,4.155366335564597e-06,4.969795213401086e-06
2898,4.7970620097556905e-06,2.6582551345200047e-06,4.1604335721988006e-06,4.880949298967609e-06
2899,4.497081837750253e-06,1.0507156548555941e-05,4.2162981366547884e-06,4.889067849944696e-06
2900,4.606349236079647e-06,3.0121414602035657e-06,4.211842642851277e-06,4.880661777133356e-06
2901,3.861618574268909e-06,2.816103969962569e-06,4.269027902935501e-06,4.916776973186644e-06
2902,3.797131711406918e-06,1.181330608233111e-05,4.219755542221213e-06,4.917621941058314e-06
2903,4.047515802893839e-06,4.246182388669695e-06,4.242471102103688e-06,4.9621213987848025e-06
2904,4.026671137277541e-06,6.687530149065424e-06,4.201769624685564e-06,4.710771605823538e-06
2905,3.845494536815547e-06,5.476522619574098e-06,4.182875888626667e-06,4.780592182214605e-06
2906,3.7642402180103494e-06,2.1753307828475956e-06,4.20978695735054e-06,4.802756644494366e-06
2907,4.159653586207747e-06,5.851512232766254e-06,4.249433873034528e-06,4.9006528464815355e-06
2908,5.099356610824341e-06,3.5809335531666876e-06,4.210314164791069e-06,4.959648146541441e-06
2909,3.646631002993672e-06,2.490495817255578e-06,4.179541163224105e-06,4.948409176722635e-06
2910,3.869777255103044e-06,5.4019361596147065e-06,4.194527310179789e-06,4.4441978250688415e-06
2911,5.0624140340005394e-06,2.8047225168847945e-06,4.17427689845782e-06,4.518580134390505e-06
2912,4.849993436235106e-06,2.527561418901314e-06,4.18614783711746e-06,4.2021775363537015e-06
2913,5.022768372226791e-06,3.5103801565128377e-06,4.243461317886007e-06,4.2317507686675534e-06
2914,3.6797443423589965e-06,2.416790339339059e-06,4.228450656238339e-06,4.216398546122946e-06
2915,4.313713460659427e-06,3.3265535694226856e-06,4.22544679722705e-06,3.8476036745123565e-06
2916,3.210393372986194e-06,3.3774196162994487e-06,4.235074421588555e-06,3.999723669767264e-06
2917,3.5793977218013928e-06,6.067479516786989e-06,4.242057232184177e-06,3.866135152202332e-06
2918,4.507445632447747e-06,3.4020455950667383e-06,4.319153088514819e-06,3.832694622542476e-06
2919,4.675524969570688e-06,6.802812349633314e-06,4.312873511389626e-06,3.871310596514377e-06
2920,3.812168718266346e-06,5.53682548343204e-06,4.295743048805889e-06,3.7348180081608006e-06
2921,3.7466597713218004e-06,1.8884553628595312e-06,4.26220039643239e-06,3.6925863314536396e-06
2922,4.384375403232197e-06,2.726492803049041e-06,4.237481944892353e-06,3.780592559996876e-06
2923,4.290801716706483e-06,4.517812867561588e-06,4.29096963373215e-06,3.7155786249059018e-06
2924,4.793855304241232e-06,2.597091597635881e-06,4.297184044329091e-06,3.7607296890200817e-06
2925,6.039186255293316e-06,3.751472268049838e-06,4.258196301786181e-06,3.7416810195281864e-06
2926,3.486352033077209e-06,2.4322984063473995e-06,4.205763338692728e-06,4.051493460065103e-06
2927,3.7220352361247125e-06,2.593434292066377e-06,4.2347692676432615e-06,4.061995833035326e-06
2928,4.2882064119314435e-06,8.049182270042365e-06,4.193255590477444e-06,4.0511360235541365e-06
2929,4.201241402168105e-06,3.34781720994215e-06,4.204419502002565e-06,4.0212732634245186e-06
2930,5.772890945081599e-06,4.640509378077695e-06,4.206853525839606e-06,3.855282784570591e-06
2931,3.6072507898805067e-06,3.1407301321451085e-06,4.217711121529848e-06,4.413438003393822e-06
2932,3.7313920216143337e-06,2.4391975239268504e-06,4.194966445609478e-06,4.36906415197882e-06
2933,4.26079030148685e-06,2.525141635487671e-06,4.2601129719918805e-06,4.2237808578647686e-06
2934,3.0286697144927326e-06,4.690651530836476e-06,4.268648108063644e-06,4.344438922635164e-06
2935,5.206969476097987e-06,3.7765877823403572e-06,4.223230413824946e-06,4.515222281406751e-06
2936,5.217774298924066e-06,3.933499119739281e-06,4.2711107315578065e-06,4.413633544390907e-06
2937,3.875299872662355e-06,2.0513446816039505e-06,4.204836420770638e-06,4.468292066667346e-06
2938,3.711944294890499e-06,1.1255691169935745e-05,4.127542658433312e-06,4.410901825394831e-06
2939,4.404892566122322e-06,2.679349663594621e-06,4.114134862073923e-06,4.4355580146657305e-06
2940,3.275871531513985e-06,3.055058332392946e-06,4.099988323903542e-06,4.43390585751331e-06
2941,3.4894911611142256e-06,2.6308506130590102e-06,4.080414433509658e-06,4.2012606700154725e-06
2942,3.640248317727431e-06,1.917717545438791e-06,4.075538147693199e-06,4.182510476675816e-06
2943,4.778885524703785e-06,1.735592606564751e-05,4.037665710459098e-06,4.170912445260911e-06
2944,4.106908071561419e-06,5.6934660642582454e-06,4.076846692876441e-06,4.3437171101686545e-06
2945,5.44083187782639e-06,1.904743130580755e-06,4.13030996493641e-06,4.44962846886483e-06
2946,3.960038173115916e-06,4.904906982119428e-06,4.117624029509494e-06,4.433562481062836e-06
2947,3.2489330472647758e-06,6.9960767723387105e-06,4.157464795823924e-06,4.3307157997332986e-06
2948,5.487809660027981e-06,1.9780944421654566e-06,4.156307569964055e-06,4.410923793329858e-06
2949,3.1369975345619927e-06,3.963554654546897e-06,4.094906501844283e-06,4.778016215277604e-06
2950,4.10684219686017e-06,2.316716236236971e-06,4.1044652909578066e-06,4.812325877719559e-06
2951,3.151157124092505e-06,3.04870313811989e-06,4.1727767535626805e-06,4.4798834143875865e-06
2952,3.3683717818651834e-06,2.5521303632558554e-06,4.150971670757523e-06,4.458033007176709e-06
2953,3.798859152084333e-06,2.2330525825964285e-06,4.217146160863195e-06,4.448794543714029e-06
2954,4.0793342567566366e-06,2.8790623764507473e-06,4.203005945752618e-06,4.457022569476976e-06
2955,4.8260800142290665e-06,4.350558592705056e-06,4.213567854731081e-06,5.18887577818532e-06
2956,4.58677535031408e-06,7.460846754838712e-06,4.238523394441371e-06,4.616571655787992e-06
2957,5.067973823113587e-06,5.086981491331244e-06,4.250010525629477e-06,4.474613495767698e-06
2958,3.943641915813916e-06,2.123491940437816e-06,4.176203876229718e-06,4.521344817476346e-06
2959,4.024688872353484e-06,2.1194844975980232e-06,4.165465809041456e-06,4.418475921193021e-06
2960,5.178038829601267e-06,5.781787622254342e-06,4.1801576562546765e-06,4.273271843339898e-06
2961,3.682747595929767e-06,1.3110809668432921e-05,4.124792883168186e-06,4.371637206713785e-06
2962,4.1142696005004436e-06,2.9090862426528473e-06,4.199869197903657e-06,4.315516704082255e-06
2963,5.41973086001235e-06,2.9446295866364382e-06,4.19494201518723e-06,4.359878107425175e-06
2964,3.859765495993391e-06,2.133089483322692e-06,4.240972950063022e-06,4.655065861879848e-06
2965,4.930233784155765e-06,2.8240967458259547e-06,4.342282937715128e-06,4.7323696864623344e-06
2966,3.1359857833498004e-06,2.836551257132669e-06,4.31286045321839e-06,4.80406207170745e-06
2967,3.904296042189041e-06,2.021404776314739e-05,4.3192535422551565e-06,4.810595567323617e-06
2968,5.402774017461019e-06,3.048323005714337e-06,4.317459702037416e-06,4.958129262013245e-06
2969,4.3940863512640745e-06,2.144512063750881e-06,4.29882900156776e-06,4.768237724056235e-06
2970,3.5956656428323994e-06,3.0730261732969664e-06,4.2384385776232295e-06,4.752504763018806e-06
2971,3.691586493409381e-06,2.3331845750362844e-06,4.2428469935152365e-06,4.8084664682392035e-06
2972,3.61622922759529e-06,3.3659748260106425e-06,4.264762154081028e-06,4.885436153927004e-06
2973,4.103690332865679e-06,4.437228526512627e-06,4.1941171546164295e-06,4.74339459615294e-06
2974,5.013905402948795e-06,2.560542088758666e-06,4.2349058597311445e-06,4.3021357385441675e-06
2975,3.983662628949484e-06,3.4257513198099333e-06,4.185346609907961e-06,4.270334979082692e-06
2976,4.30193049598731e-06,1.0428396999486722e-05,4.116570496181439e-06,4.319354955805467e-06
2977,5.901121473167829e-06,4.484725977818016e-06,4.136765337575019e-06,4.320370781351813e-06
2978,3.0632970396658898e-06,4.0253622137242924e-06,4.070290585675846e-06,4.336413307464682e-06
2979,4.239161482675829e-06,3.0423997668549418e-06,4.131415722117203e-06,4.305397157440893e-06
2980,4.781234008785557e-06,8.03890095994575e-06,4.12312113603548e-06,3.674952750589e-06
2981,4.1210078385726475e-06,2.713558305913466e-06,4.0362838685420385e-06,3.628440293323365e-06
2982,3.5582132245003273e-06,4.693657465395518e-06,4.03091792326854e-06,3.6219196765159716e-06
2983,4.053852313114071e-06,3.5225345709477553e-06,4.105731731538577e-06,3.594394875108264e-06
2984,4.572567886498291e-06,4.0437266397930216e-06,4.1452030142156434e-06,3.579560708203644e-06
2985,3.411913842986299e-06,2.2307486779027384e-06,4.124369120614171e-06,3.5250421480668586e-06
2986,4.7024652237976425e-06,2.079338228213601e-06,4.145820159000223e-06,3.5059990221270706e-06
2987,2.8752883549208897e-06,2.114067256115959e-06,4.140582686745297e-06,3.954946184785513e-06
2988,3.7003280168492996e-06,4.170129004705814e-06,4.151548538761239e-06,3.914516366967291e-06
2989,4.364636530832892e-06,2.1584851219813574e-06,4.143932248472185e-06,3.5811906940580226e-06
2990,3.2683649866764123e-06,3.2251598986476893e-06,4.049631492024573e-06,3.4976801243828956e-06
2991,4.664114194383728e-06,2.0611475065379636e-06,4.0844422445338245e-06,3.419100805513153e-06
2992,3.6969313901459424e-06,4.452937591850059e-06,4.093623183184213e-06,3.373723550066643e-06
2993,3.2318423301249926e-06,1.8855115740734617e-06,4.059941114084924e-06,3.1765200275913233e-06
2994,4.25993771942659e-06,1.981496643566061e-06,4.088958014835953e-06,3.5532851246898645e-06
2995,5.4660108495833504e-06,2.38490613810427e-06,4.106691241880374e-06,3.483823310853041e-06
2996,4.678368560336013e-06,1.9623304024207757e-06,4.083761137169656e-06,3.4631705466381396e-06
2997,3.0953818875584853e-06,2.0030108225910225e-06,4.0312327200808795e-06,3.4791488682458294e-06
2998,4.639966292516975e-06,3.9611503780179195e-06,4.044780635659765e-06,3.5665363435327895e-06
2999,4.882968596575665e-06,1.3784221155219711e-05,4.0290190625657695e-06,3.561565303425596e-06
3000,4.257808929348054e-06,2.4150058743543923e-06,4.079777802144236e-06,3.576569039978495e-06
3001,4.1115232387609364e-06,2.0952551767550178e-06,4.08642840971475e-06,3.481533647391189e-06
3002,3.543602561977524e-06,2.3969617359398397e-06,4.092736960552026e-06,3.4887839616203565e-06
3003,3.933565852397199e-06,2.0608792419807286e-06,4.150658718491388e-06,3.4544362302767695e-06
3004,4.468684948935535e-06,1.907968380692182e-06,4.129174279175156e-06,3.5584443821790043e-06
3005,3.939182281303349e-06,3.1088128980627518e-06,4.175964880879393e-06,3.527486303755722e-06
3006,4.846430357348355e-06,1.2132685733377001e-05,4.212801299642403e-06,3.5732360805923237e-06
3007,4.001543900610866e-06,2.957112119474914e-06,4.185537756752132e-06,3.571372812621121e-06
3008,3.480599695346124e-06,3.0062154655752237e-06,4.186884145949283e-06,3.7225763464448394e-06
3009,3.259357459278868e-06,4.443184679985279e-06,4.138345357912638e-06,3.7365127031080193e-06
3010,3.750611732458411e-06,4.4154355600767305e-06,4.143534654394898e-06,3.8110000823508013e-06
3011,4.308425896447766e-06,1.9550622255337657e-06,4.113608487164633e-06,3.729576167461346e-06
3012,4.144256844382552e-06,2.4891606699384284e-06,4.083613542934472e-06,3.354543990644743e-06
3013,3.866593206112157e-06,1.7942441900231643e-06,4.084188422287601e-06,3.3952527508517965e-06
3014,4.522350301764769e-06,2.339742977710557e-06,4.076861929226854e-06,3.4424879377183977e-06
3015,4.716408935160466e-06,2.366466615058016e-06,4.081901006288213e-06,3.463726183690597e-06
3016,4.1270032114779395e-06,4.6613513040938414e-06,4.090197961401524e-06,3.62531999089697e-06
3017,4.866696432751875e-06,3.678985631268006e-06,4.073471632869364e-06,3.6514071729470752e-06
3018,4.1527527992002435e-06,3.029255994988489e-06,4.097846222490868e-06,4.171865713578882e-06
3019,3.578349147169825e-06,1.9349149442859925e-06,4.093127516595511e-06,3.7786387783853576e-06
3020,5.499670579512086e-06,6.164994483697228e-06,4.15645183309405e-06,3.7648935533070477e-06
3021,3.464898859419918e-06,2.3107393190002767e-06,4.146414407922647e-06,3.7428683492180433e-06
3022,3.2251142996149914e-06,3.865195303660584e-06,4.13371410876506e-06,3.6684578652057105e-06
3023,3.891812111760373e-06,1.925552505781525e-06,4.105486244063488e-06,3.6864689904177797e-06
3024,4.1330949908216195e-06,4.408416734804632e-06,4.113624938953661e-06,3.801692251727218e-06
3025,4.272180913176271e-06,3.432724879530724e-06,4.085929637646283e-06,3.7965018669638085e-06
3026,3.92836091224227e-06,3.2761348484200424e-06,4.1006761441571545e-06,3.8051633397117255e-06
3027,3.669579488511469e-06,2.927917885244824e-06,4.060098869781036e-06,3.819932031183271e-06
3028,4.140989730230002e-06,6.100724422140047e-06,4.041993444641573e-06,3.859318424292724e-06
3029,4.050526735631542e-06,2.5601479319448116e-06,4.056213793673022e-06,3.7795052077854053e-06
3030,4.548547021840932e-06,1.6120276413857936e-05,4.028729910351104e-06,3.7682182039134207e-06
3031,4.728462709964434e-06,2.302012353538885e-06,3.9865732287984835e-06,3.723880025791004e-06
3032,5.584651813074339e-06,2.613481492517167e-06,3.992893349600814e-06,3.7535420175117904e-06
3033,3.229664066061054e-06,2.4555853633501103e-06,3.911153236286838e-06,3.725064469472272e-06
3034,2.9418499803392074e-06,2.5829225796769607e-06,3.919998541581056e-06,3.7255639330396656e-06
3035,3.0449151149190988e-06,4.865713690378471e-06,3.970687457129114e-06,3.659391628752928e-06
3036,4.511893268702099e-06,4.835643758269725e-06,3.9797134987262925e-06,3.70647137715423e-06
3037,3.451874311698096e-06,2.359401050853194e-06,3.939992144720843e-06,3.6919261820003156e-06
3038,4.235255868883946e-06,2.0107810087210965e-06,3.912940091464002e-06,3.977737991590402e-06
3039,3.507918442361794e-06,2.708960264499183e-06,3.9869894947615744e-06,3.99796279198199e-06
3040,4.26377330667391e-06,3.351126442794339e-06,3.984983371244904e-06,3.978533148983842e-06
3041,4.482511937264159e-06,2.666020891410881e-06,3.994961100700796e-06,3.821045446602512e-06
3042,4.179599349703899e-06,3.3968105344683865e-06,3.986182423998091e-06,3.8650228783808426e-06
3043,3.0988357603847465e-06,1.9208015419280854e-06,3.930309826157302e-06,3.3184647876623793e-06
3044,3.7363521672280816e-06,2.6764647373056506e-06,3.91514400063089e-06,3.3736205205059384e-06
3045,3.456167746662686e-06,5.453055782709271e-06,3.82245188997735e-06,3.4320564896916043e-06
3046,3.686031491775389e-06,2.3232259081851224e-06,3.872377820274172e-06,3.4416538852383385e-06
3047,4.4923371883164184e-06,2.2108876964921364e-06,3.899413356763641e-06,3.4570557476399702e-06
3048,4.117463151689865e-06,3.1025462158140728e-06,3.971482625537545e-06,3.3552578734088457e-06
3049,3.1400611406853486e-06,4.044786855956772e-06,3.9393446009449285e-06,3.423071269571665e-06
3050,3.595879581755273e-06,1.0578020119282882e-05,3.994183022890259e-06,3.637930280820001e-06
3051,5.779595994681586e-06,3.7817548582097515e-06,3.961344108817382e-06,3.845538456516806e-06
3052,3.619426400594724e-06,2.44217681029113e-06,3.975889156087457e-06,3.879621484156814e-06
3053,4.390432966627284e-06,2.16353186260676e-06,3.9315407061723005e-06,4.29246099665761e-06
3054,3.831059818063901e-06,3.6595837264030705e-06,3.9029683557600946e-06,4.439336148425354e-06
3055,3.151732075821201e-06,2.4563241458963602e-06,3.8849360620790515e-06,4.441123845390392e-06
3056,4.349317071804156e-06,3.6809056746278655e-06,3.912986647911667e-06,4.442460469181241e-06
3057,3.2673490467358432e-06,4.074380722158822e-06,3.909221216256103e-06,4.559467753460921e-06
3058,4.477812323481582e-06,2.6955202520184683e-06,3.921098895645829e-06,4.579814072531008e-06
3059,3.6177383925759287e-06,2.967969139717752e-06,3.904715653394911e-06,4.563071006305109e-06
3060,4.846646834266721e-06,2.320766834600363e-06,3.879160905550331e-06,4.736763184155281e-06
3061,3.708442653886676e-06,6.530978662340204e-06,3.878068797853807e-06,4.868851423634625e-06
3062,4.822834860331366e-06,7.730876332061598e-06,3.916432954833403e-06,4.8626222835082455e-06
3063,3.414283017061987e-06,7.200985401141224e-06,3.956914238491057e-06,4.588794557093935e-06
3064,3.8715446241136915e-06,3.561035955499392e-06,3.85778934105474e-06,4.525985344844231e-06
3065,3.1550620587950106e-06,1.3672114255314227e-05,3.895818150502035e-06,4.603560113355343e-06
3066,3.7682031769590038e-06,6.337899685604498e-06,3.885109338706469e-06,4.6071318871327085e-06
3067,3.728792007677839e-06,3.4415029585943557e-06,3.880300957037738e-06,4.546828316415485e-06
3068,3.8001004062001207e-06,1.9542171366992987e-06,3.908473223620806e-06,4.5640461850780405e-06
3069,3.6422163758389716e-06,5.601646844297647e-06,3.901104789696951e-06,4.500861780434206e-06
3070,3.753109731405857e-06,5.9617137594614175e-06,3.903325712740802e-06,4.459246296573837e-06
3071,3.276450435502435e-06,1.904649252537638e-06,3.851994895598586e-06,4.427351969025039e-06
3072,3.853468492201905e-06,6.553192142746411e-06,3.863303345941757e-06,4.403263734820939e-06
3073,4.09016045927678e-06,6.404752202797681e-06,3.815978923214264e-06,4.414915400957398e-06
3074,4.099165065175233e-06,3.889058352797292e-06,3.8013194598534034e-06,4.490775738486263e-06
3075,4.607911673196617e-06,3.732326958925114e-06,3.752810058580913e-06,4.299856090619869e-06
3076,3.301473558773675e-06,2.211524551967159e-06,3.7956828230663743e-06,4.134594145034498e-06
3077,4.570146636777079e-06,4.381546023068949e-06,3.7768507498791835e-06,4.501956157946552e-06
3078,4.1227126717381505e-06,2.2528262070409254e-06,3.789704598239042e-06,4.260548264755925e-06
3079,3.710850276345607e-06,2.1519944584724728e-06,3.794268805844089e-06,4.106484300245938e-06
3080,3.856038740397909e-06,2.8867708624602527e-06,3.781635709876557e-06,4.164850773122453e-06
3081,4.165106223707779e-06,2.1012955585320014e-06,3.8057687676983833e-06,4.219196574922535e-06
3082,3.322872122832147e-06,3.0339936256496003e-06,3.8039930452820654e-06,4.210163483730867e-06
3083,3.194541894926159e-06,1.8981620632985141e-06,3.8027143547070512e-06,4.0493554690328885e-06
3084,3.9004496511552135e-06,2.365763284615241e-06,3.860117480305942e-06,4.13949438407144e-06
3085,3.6635362660793664e-06,2.612058488011826e-06,3.854975552450115e-06,3.948590916479588e-06
3086,3.3419560698651668e-06,8.427487100561848e-06,3.900890544820059e-06,3.8040778912545653e-06
3087,3.6100998285190954e-06,2.957885135401739e-06,3.858594874044582e-06,3.7545146329648564e-06
3088,4.4861021291985205e-06,3.0694367615069497e-06,3.821394111542354e-06,3.6879813626001123e-06
3089,3.400742794433932e-06,1.2745086278300733e-05,3.851919903596959e-06,3.721898038565996e-06
3090,3.4764082677914607e-06,7.636916925548577e-06,3.8506190412388395e-06,3.6539391057885946e-06
3091,3.882308367085191e-06,2.486300572854816e-06,3.835003997280889e-06,3.770812862785533e-06
3092,3.4129646084895487e-06,4.9006647805072136e-06,3.8489163622014324e-06,3.7666099673515415e-06
3093,4.4034268517457856e-06,3.3128621817013484e-06,3.874771689798864e-06,3.7758516806206894e-06
3094,3.5978233154310145e-06,5.375819564505946e-06,3.836693828452553e-06,3.769208582525607e-06
3095,3.7211424670305053e-06,1.941513392011984e-06,3.867162033950282e-06,3.802867341073579e-06
3096,4.711528575474707e-06,4.158122128501418e-06,3.934348181084917e-06,4.416844933075481e-06
3097,3.7249202958062396e-06,1.7806054529501124e-06,3.9446269451420645e-06,4.4524200558953455e-06
3098,5.238035268525386e-06,2.7919265721720876e-06,3.933858628584453e-06,4.434541677619564e-06
3099,3.041773295788314e-06,2.6499768955545734e-06,3.975758535388094e-06,4.218547331402078e-06
3100,3.6778926106409118e-06,2.0689951998065224e-06,3.973384332736411e-06,4.176054152048892e-06
3101,4.064618360138815e-06,3.0594414511142533e-06,3.937105927596146e-06,4.2050791216752264e-06
3102,4.537625077824082e-06,2.682572703633923e-06,3.989555529652635e-06,3.887576883062138e-06
3103,3.7323365727893868e-06,5.174670131964377e-06,3.9950144382399025e-06,3.657684751306078e-06
3104,4.058659399359183e-06,2.0469220726226923e-06,3.988168072202017e-06,3.7258342919813003e-06
3105,4.50242193033369e-06,3.1178136941889535e-06,4.053861488217889e-06,3.650514977198327e-06
3106,3.2131596900500072e-06,1.9352181061549346e-06,4.021370706848555e-06,3.587642678758129e-06
3107,4.084577260275385e-06,3.875462589348899e-06,4.018947484655655e-06,3.4511516772909084e-06
3108,4.874195573292026e-06,1.7247601863346063e-05,4.054039977604084e-06,3.4585585653985618e-06
3109,4.157418752583908e-06,3.2551413551118458e-06,4.000572492764655e-06,3.5116000948619336e-06
3110,3.394328352139079e-06,2.165099031117279e-06,4.06289083136168e-06,3.556141228546039e-06
3111,4.389453739956177e-06,3.0276284451247194e-06,3.990900417759097e-06,3.5430103722319474e-06
3112,3.550744762227017e-06,1.8955556515720673e-06,4.048604867299825e-06,3.5950906512880464e-06
3113,3.57914200069192e-06,3.795061002165312e-06,4.048057454363314e-06,3.5923972769523975e-06
3114,4.71198284584615e-06,4.807530312973541e-06,4.051780587138232e-06,3.661613244184992e-06
3115,3.6128809824731433e-06,1.8896136316470801e-06,4.0387636465816785e-06,3.7616180037730377e-06
3116,3.7111492161380335e-06,4.190039089735365e-06,4.018692684409568e-06,3.708130378799979e-06
3117,5.055300008886358e-06,3.017681910932879e-06,4.023603868427017e-06,3.7691235123929803e-06
3118,3.591157317512423e-06,1.741054720696411e-06,4.012456775480031e-06,4.075430048396811e-06
3119,3.537242760608529e-06,1.963544527825434e-06,4.0295617061828026e-06,4.092583731471678e-06
3120,4.598454790741218e-06,2.1266855947033037e-06,4.025164074412007e-06,4.024469597061398e-06
3121,3.3748414544889884e-06,5.4841603650856995e-06,3.958730097626054e-06,3.5158280257746804e-06
3122,5.282878760731869e-06,2.8941337950527666e-06,3.943435502606007e-06,3.4657854928809683e-06
3123,3.43827492846079e-06,2.463655164319789e-06,3.9479361110857606e-06,3.4856714231864312e-06
3124,4.484384534306527e-06,3.951983871957054e-06,3.935449534512574e-06,3.4431962183589344e-06
3125,3.664207287228136e-06,2.001660841415287e-06,3.954404981161335e-06,3.555229059929843e-06
3126,4.1576966795118e-06,4.7898406319291096e-06,4.19679757244214e-06,3.6385962961503533e-06
3127,4.212201563910235e-06,5.182691693335073e-06,4.150848765625092e-06,3.5735949506488387e-06
3128,3.230562518486598e-06,3.8374795076379085e-06,4.152784995039838e-06,3.568721745250513e-06
3129,4.18143899979542e-06,3.571750412447727e-06,4.191693041957478e-06,3.4853350378398313e-06
3130,4.223744606659036e-06,1.0775477094284724e-05,4.150755730441031e-06,3.6202443221554853e-06
3131,3.6407829576192953e-06,2.364060183026595e-06,4.145649658625593e-06,3.6268583500714153e-06
3132,3.9746364660055e-06,2.172609229091904e-06,4.135791343722101e-06,3.6199386182488523e-06
3133,3.213346153643215e-06,4.53156258117815e-06,4.0838423731454695e-06,3.6947724294805087e-06
3134,3.775053877082731e-06,2.00407803276903e-06,4.077986790222592e-06,3.6233036478733997e-06
3135,3.5068435641329013e-06,2.6622472887538607e-06,4.0105590024722915e-06,3.7176114483372663e-06
3136,4.077289325626528e-06,1.9657483244373e-06,3.990865190694927e-06,3.725843224128767e-06
3137,4.024630928446034e-06,4.696376690844773e-06,4.002202164994945e-06,3.731772903302044e-06
3138,9.638956782712032e-06,5.879241907678079e-06,4.054325894170081e-06,3.868395351128129e-06
3139,3.5632626754199412e-06,3.1824966754356866e-06,4.009104485228615e-06,3.7737405915322606e-06
3140,3.6612867178418025e-06,1.767783496688935e-06,3.97458413347825e-06,3.732278614006646e-06
3141,4.683850389079048e-06,2.1053714044683146e-06,4.0278309690014186e-06,3.668170514538361e-06
3142,4.031867220975174e-06,6.3904140188242305e-06,4.007897821712605e-06,3.702653533582634e-06
3143,3.463505522126474e-06,1.9064054185946589e-06,4.018028374007877e-06,3.409942892722029e-06
3144,3.290784888021234e-06,1.7905512322613503e-06,4.0086178451221916e-06,3.382134017192584e-06
3145,3.2997305263254224e-06,3.997530875494703e-06,4.011552920625642e-06,3.418091438106786e-06
3146,3.2284518814170345e-06,3.6974408249079717e-06,4.006448792663125e-06,3.399739828273596e-06
3147,3.5971840669743768e-06,5.251828806649428e-06,4.039363839001453e-06,3.4362982542006653e-06
3148,2.945929634026672e-06,2.6694495591073065e-06,4.045610655622214e-06,3.43638677859417e-06
3149,4.767808891806959e-06,4.100225851288997e-06,3.996722493886612e-06,3.6861808728644975e-06
3150,4.96730051660658e-06,5.417222037067404e-06,3.988872445875636e-06,3.6080102558116783e-06
3151,3.027161455975147e-06,2.423471642032382e-06,3.7525483965307808e-06,3.5049084612182924e-06
3152,3.349192770151098e-06,4.146142255194718e-06,3.7723701855106302e-06,3.4986534088602636e-06
3153,4.561733406565811e-06,2.234777020930778e-06,3.7658045058277716e-06,3.5794968907794102e-06
3154,3.683110317575079e-06,4.433825888554566e-06,3.754164741217715e-06,3.7730220277808256e-06
3155,4.477008414040837e-06,3.457711072769598e-06,3.723915665209966e-06,3.6027801130330777e-06
3156,3.4055197354771535e-06,1.6688382947904757e-06,3.717079572460433e-06,3.593549695506226e-06
3157,4.048013353591766e-06,3.0715447519469307e-06,3.7098514224150377e-06,3.889753329713131e-06
3158,3.0857429545802816e-06,4.072772335348418e-06,3.7402012956388517e-06,3.7949471592582997e-06
3159,4.5979300355409375e-06,2.918038680945756e-06,3.7664035296984367e-06,3.769140627991874e-06
3160,3.6630139796519264e-06,2.6644603985914727e-06,3.822961666204113e-06,3.623776992935746e-06
3161,2.8550852822364604e-06,8.210600681195501e-06,3.851480991640225e-06,3.627944057552668e-06
3162,3.828379728171664e-06,2.742111264524283e-06,3.792973513130467e-06,3.590005406113051e-06
3163,3.7308555490906454e-06,3.3016970428434434e-06,3.7324903442923746e-06,3.475310583417013e-06
3164,4.058807399916178e-06,3.0261203664849743e-06,3.74897033844819e-06,3.457493506539322e-06
3165,3.4971447257703403e-06,3.7888705446675887e-06,3.7404157200499966e-06,3.6617232142816645e-06
3166,4.3928562738276215e-06,6.943499829503707e-06,3.7225429501227652e-06,3.692901897557022e-06
3167,3.2756403207814503e-06,2.1343661501305177e-06,3.6889846233760987e-06,3.6173595739455773e-06
3168,3.292603203388151e-06,1.6756449804233852e-06,3.6418398613022875e-06,3.5721502708838667e-06
3169,3.110081136886341e-06,9.195642087433953e-06,3.659322036825567e-06,3.5704956220797617e-06
3170,4.0584773569207754e-06,1.627376614123932e-06,3.6422679010380917e-06,3.5588982647823285e-06
3171,3.883507732906663e-06,3.052277543247328e-06,3.6333992171219306e-06,3.5121943159538203e-06
3172,5.011137479616284e-06,1.6177379302462214e-06,3.6011227652529164e-06,3.478831528809679e-06
3173,3.65891276992948e-06,2.7736261745303636e-06,3.644575036560127e-06,3.454079604307481e-06
3174,3.305121929063009e-06,3.151759565298562e-06,3.6880158300644123e-06,3.202818311365263e-06
3175,3.455221295654256e-06,2.549851469666464e-06,3.657426447898616e-06,3.1913846209135955e-06
3176,3.439161309870542e-06,1.9780447200901107e-06,3.687516974282012e-06,3.1591264048984157e-06
3177,3.1353273101962665e-06,9.251884948753286e-06,3.648860792964115e-06,3.1666984306866648e-06
3178,4.11491415838504e-06,3.0142441028147004e-06,3.6526758124738185e-06,3.128829793240583e-06
3179,2.844152148908405e-06,2.545267798268469e-06,3.6044154482725497e-06,2.9350057089686735e-06
3180,3.2983893621955454e-06,2.3274784962268313e-06,3.6246749937870643e-06,2.9739599236563652e-06
3181,3.842574123559138e-06,1.6274720746878301e-06,3.642645907954526e-06,2.977203755108348e-06
3182,3.621659958904881e-06,2.7816108195111155e-06,3.639982834809214e-06,2.7661807869662874e-06
3183,2.864025856676259e-06,2.9051736146357143e-06,3.624238894210268e-06,2.935587792489968e-06
3184,3.7910187388155866e-06,2.0839690023422008e-06,3.6180041988296176e-06,3.1628534879928333e-06
3185,4.749320762332193e-06,2.0456622860365316e-06,3.541212105018429e-06,3.244700812138034e-06
3186,3.941105119843592e-06,1.9290683576400623e-06,3.5304882896929887e-06,3.2057716751296534e-06
3187,3.063645174026735e-06,2.456269003232592e-06,3.5780489890182955e-06,3.196464426218881e-06
3188,4.483118708675546e-06,2.4952416424639525e-06,3.584239871310678e-06,3.1699074705102244e-06
3189,3.0924028669687688e-06,3.2154210111912107e-06,3.6183732801469484e-06,3.1800406915863276e-06
3190,3.5925202135129236e-06,2.842154608515557e-06,3.614613858007943e-06,2.9147289020329486e-06
3191,3.1863471687958936e-06,2.097897722705966e-06,3.5935685415905843e-06,2.8856149194325556e-06
3192,3.7821289586443324e-06,3.108221517322818e-06,3.7123145561458344e-06,2.9884374471293996e-06
3193,3.7418760575747e-06,1.7567407667229417e-06,3.726321500410753e-06,2.9687586207728605e-06
3194,3.043504308253533e-06,3.9200678838824385e-06,3.724367744729938e-06,3.521616733632982e-06
3195,3.6648788419471303e-06,5.86255175221595e-06,3.7162955160561576e-06,3.560164366354002e-06
3196,3.727640348390398e-06,8.733919930818956e-06,3.7890164372786076e-06,3.687282799000969e-06
3197,3.0913351343365826e-06,3.6639210338762494e-06,3.824394377483663e-06,3.889559123490472e-06
3198,3.390817386793464e-06,1.8003977493208367e-06,3.7755707265912652e-06,4.274556099335314e-06
3199,4.494139412195687e-06,2.9190783425292467e-06,3.7800475448926185e-06,4.3128024968609685e-06
3200,3.609993352963809e-06,1.8859275769500528e-06,3.776748880914561e-06,4.277254016051303e-06
3201,4.292496530777296e-06,2.2313752469926838e-06,3.7637110710016302e-06,4.3134431998623776e-06
3202,3.0413417567211175e-06,2.6190902099187953e-06,3.7764616033907968e-06,4.328933775104816e-06
3203,3.5887812479510707e-06,2.286394537804881e-06,3.769062568992215e-06,4.290791171297314e-06
3204,5.812802512789656e-06,5.115830990689574e-06,3.7871158963551145e-06,4.28668665481382e-06
3205,3.6485629688185227e-06,1.8355078373133437e-06,3.7910033133408027e-06,4.227069368425872e-06
3206,3.793730231538777e-06,1.5448924896190873e-05,3.794271721906423e-06,4.317628694479936e-06
3207,3.4198542420603595e-06,3.7453016375366134e-06,3.828710350596036e-06,4.38890897166857e-06
3208,4.6820488872375184e-06,6.083134430809878e-06,3.8612262928735515e-06,4.329019275974133e-06
3209,4.675467243941966e-06,7.14087711457978e-06,3.850086566126265e-06,4.135560766371782e-06
3210,3.5287294900222658e-06,1.167058668215759e-05,3.865863946581764e-06,4.0636936024384344e-06
3211,4.0530255773774115e-06,2.885228295781417e-06,3.8717026462513284e-06,4.093124912469649e-06
3212,2.9811785745752988e-06,1.5675569829909363e-06,3.875210729206124e-06,4.057622551044915e-06
3213,4.15717346085229e-06,3.399971237740829e-06,3.882168707504106e-06,4.625593755190493e-06
3214,3.4111661766979117e-06,3.6026853922521695e-06,3.90021694402094e-06,4.72286552649166e-06
3215,3.4075443535483728e-06,1.8885895133280427e-06,3.896966258010556e-06,4.687141849535692e-06
3216,3.6376803528684025e-06,1.995284810618614e-06,3.874532028789367e-06,4.787343080352002e-06
3217,3.87931438328653e-06,1.617789357624133e-06,3.8017160251911266e-06,4.700060543291328e-06
3218,3.823586271715208e-06,4.020723918074509e-06,3.792669870704736e-06,4.774463498142722e-06
3219,3.904470025493841e-06,5.702074813598301e-06,3.772470136755146e-06,4.287893482796789e-06
3220,4.4777773988850335e-06,4.365309359855019e-06,3.7757106347271472e-06,4.215918141017027e-06
3221,3.449147179708234e-06,3.8974571907601785e-06,3.7631018887825323e-06,4.046903459493478e-06
3222,3.485769645724051e-06,1.8672419355425518e-06,3.6856130583045237e-06,3.842957497363386e-06
3223,3.5367848785325704e-06,2.536180500101182e-06,3.771421700892258e-06,3.5686532812178485e-06
3224,4.581841486065564e-06,2.031519306910923e-06,3.7517902969840276e-06,3.554570157393754e-06
3225,3.783942810413363e-06,1.608520768058952e-05,3.784538240183287e-06,3.60324610646785e-06
3226,4.743702443698162e-06,4.663169529521838e-06,3.828399334714858e-06,3.6089541545152315e-06
3227,2.9600746064615023e-06,1.7259982860196033e-06,3.80307750395635e-06,3.5536819032131457e-06
3228,3.027925517421358e-06,4.791425308212638e-06,3.7956071379085187e-06,3.5807155698421412e-06
3229,3.9924024228336445e-06,2.93376756417274e-06,3.7873027529308786e-06,3.700049443796161e-06
3230,3.4224091066587585e-06,3.6955817085981835e-06,3.7703496959390276e-06,3.9865428771008734e-06
3231,3.2887368827990334e-06,3.2846745125425512e-06,3.769766658600323e-06,3.90920028257824e-06
3232,3.5008666913603924e-06,1.9459180930425644e-06,3.740245042899915e-06,3.825060737290187e-06
3233,4.3668302386221415e-06,1.8577673927211436e-06,3.7132858483851632e-06,3.77039093109488e-06
3234,2.738246481991761e-06,2.042228061327478e-06,3.720477366288025e-06,3.703091227725963e-06
3235,5.673945554715627e-06,4.812981278519146e-06,3.720075022344342e-06,3.827811629525967e-06
3236,3.5622404796716484e-06,2.5331502001790796e-06,3.724136642651704e-06,3.84124173069722e-06
3237,3.7998771545567757e-06,2.7844557098433144e-06,3.6953320905013247e-06,3.909705822297837e-06
3238,5.25370082414156e-06,3.542672438925365e-06,3.7183023650060127e-06,3.3812439694884234e-06
3239,2.778120407735211e-06,2.2208791097000356e-06,3.6904695841561385e-06,3.373443301825319e-06
3240,3.2207852023525953e-06,2.564431179052917e-06,3.741422597926835e-06,3.3703111988870657e-06
3241,3.430070728427381e-06,4.978631659469102e-06,3.7755017838005905e-06,3.506722485690261e-06
3242,3.4554879584902664e-06,8.780125190241961e-06,3.7408470599378543e-06,3.4745648063108096e-06
3243,3.809010338247592e-06,2.0871590550086693e-06,3.7550693004353286e-06,3.448286033381009e-06
3244,3.1664296329836363e-06,3.598586181396968e-06,3.744724781649388e-06,3.4211131529445993e-06
3245,3.8037975360162413e-06,2.9985642049723537e-06,3.7388702165925583e-06,3.4820543918613117e-06
3246,3.628935127279773e-06,2.2149646065372507e-06,3.6983014370384306e-06,3.5746148445468865e-06
3247,3.475711047131982e-06,4.9852519805426705e-06,3.747012734129385e-06,3.823878058756236e-06
3248,3.638325386216618e-06,2.8719330293824894e-06,3.656050668481233e-06,3.7612593423546057e-06
3249,3.861727682306082e-06,3.7431215969263578e-06,3.643512649675056e-06,3.731847462040605e-06
3250,4.358199673030564e-06,2.873661360354163e-06,3.6530549453244837e-06,4.072941025879118e-06
3251,4.04788292245131e-06,4.468152837944217e-06,3.604545614689414e-06,4.071071693761042e-06
3252,4.233899950728907e-06,1.6476957125632907e-06,3.6950630515396675e-06,4.0724023792790826e-06
3253,3.879905164265235e-06,8.20170747829252e-06,3.6932577872600325e-06,4.084877283639797e-06
3254,3.1260343262652492e-06,2.12982557968644e-06,3.699675845362233e-06,4.043923349854595e-06
3255,3.7779651190956227e-06,3.03861238535319e-06,3.7078784875120616e-06,3.7690040850066002e-06
3256,3.03012391315052e-06,2.6053525016322966e-06,3.6854577204394446e-06,3.944460313687159e-06
3257,3.3545025649396444e-06,3.4694490659603615e-06,3.7259044750701127e-06,3.8767926105720115e-06
3258,3.3526107497689533e-06,4.171778709860519e-06,3.688361204199787e-06,3.81930550593097e-06
3259,3.95602890926562e-06,8.273808416561224e-06,3.696914294121396e-06,3.916869632121235e-06
3260,3.3998939135118337e-06,3.247513368478394e-06,3.733615492082107e-06,3.787003928482591e-06
3261,3.248790009517203e-06,1.7978531923290575e-06,3.713862915689485e-06,3.739508524995472e-06
3262,4.038434545792471e-06,1.131179480580613e-05,3.7275290430241314e-06,3.6733211678438242e-06
3263,4.040967558264836e-06,3.495939135973458e-06,3.7007284334827598e-06,3.6781105647605727e-06
3264,5.041056328991544e-06,2.2541462476510785e-06,3.677005319766775e-06,3.5642632816234256e-06
3265,3.175653595361736e-06,2.8763037880707997e-06,3.6301652324558143e-06,3.5687421215698127e-06
3266,3.590522180982387e-06,3.954783314839006e-06,3.603126300115239e-06,3.3543896144692557e-06
3267,3.660554012235985e-06,1.9071435690420913e-06,3.6157832987353486e-06,3.3874591750645774e-06
3268,3.248491161432159e-06,6.4735647720226554e-06,3.6406850435317514e-06,3.3379697848431533e-06
3269,4.1775984987503355e-06,1.906893603518256e-06,3.6334598533054905e-06,3.318171514911228e-06
3270,2.8652157642581084e-06,1.561386588946334e-06,3.632859335438196e-06,3.567815796850482e-06
3271,3.842762375319985e-06,4.654067761293845e-06,3.652284060616592e-06,3.6490672318905126e-06
3272,4.39324099614977e-06,1.7386093895765953e-06,3.759297143521204e-06,3.3982507618929956e-06
3273,3.144510976401054e-06,1.6845479422045174e-06,3.79331205388856e-06,3.3708480314089685e-06
3274,4.203380865672241e-06,2.088437668135157e-06,3.811262078033905e-06,3.4081542216881644e-06
3275,3.68818443449628e-06,2.9933962832728867e-06,3.788081093292324e-06,3.02549954776623e-06
3276,3.454805079551685e-06,1.6219707595155341e-06,3.736787418074527e-06,3.0454655790890677e-06
3277,3.0628977679548878e-06,1.7596667112229625e-06,3.6595262068153207e-06,3.1274609698812123e-06
3278,3.2039318557508523e-06,2.842894800778595e-06,3.6841160334107475e-06,3.079784839246713e-06
3279,3.442459291767995e-06,2.9565645945694995e-06,3.664894480011248e-06,3.012987355941732e-06
3280,4.400508739005696e-06,1.8013776298175798e-06,3.6696508288211287e-06,3.059748303166998e-06
3281,2.8494941574940136e-06,2.11039575333416e-06,3.6771371685164115e-06,2.878434648482653e-06
3282,3.3394896182572767e-06,9.710556114441715e-06,3.6895274377254993e-06,3.1753252833368606e-06
3283,3.838228879228862e-06,6.203064585861284e-06,3.764082920679357e-06,3.197715993701422e-06
3284,6.631355981880915e-06,2.003396666623303e-06,3.734805100874736e-06,3.0805525586401924e-06
3285,4.250266672695741e-06,2.5624451063777087e-06,3.6805380922588586e-06,3.1360226983451863e-06
3286,3.6975406131508257e-06,2.730507949308958e-06,3.700380436890151e-06,3.6586877051377085e-06
3287,3.4589099272529386e-06,1.7454279577577836e-06,3.674042500561983e-06,3.65857058113761e-06
3288,2.7586256778199135e-06,3.995089919044404e-06,3.6389800843810204e-06,3.6045756891326165e-06
3289,3.109526047511382e-06,4.304031017454691e-06,3.6680999089084146e-06,3.678852054690651e-06
3290,3.7903992602473912e-06,1.684400522208307e-06,3.7020053314740325e-06,3.7280884223946484e-06
3291,3.109983345994907e-06,2.284846232214477e-06,3.6989636976714883e-06,3.7515728576181578e-06
3292,3.7794627324829993e-06,3.076167249673745e-06,3.6943387521710557e-06,3.71406709546136e-06
3293,3.4356496538142284e-06,1.9407234049140245e-06,3.643884929766095e-06,4.070490596313903e-06
3294,4.487355228977524e-06,9.32915947487345e-06,3.665799765318903e-06,4.187122402618115e-06
3295,4.729102838104558e-06,2.1211543480603724e-06,3.6936448682253178e-06,3.884926073624229e-06
3296,3.1108168802044625e-06,1.7249818847631103e-06,3.6714813047486427e-06,3.7091222684466634e-06
3297,3.03656578075283e-06,3.1253628822014435e-06,3.5491021700080532e-06,3.772666725308228e-06
3298,3.6405695921833586e-06,1.4751173112017568e-05,3.5015428930314045e-06,4.0618805824124145e-06
3299,3.5449324574680455e-06,2.085509568132693e-06,3.5332300332205097e-06,4.068881414605131e-06
3300,2.8116240299722347e-06,1.643523983148043e-06,3.5482257328921043e-06,4.0819465244567266e-06
3301,4.18280069273654e-06,3.4788798984664026e-06,3.685290339328478e-06,4.000472204279505e-06
3302,3.910533332095333e-06,2.9905759038229007e-06,3.7091192232158695e-06,3.977718228634332e-06
3303,3.1278910106872596e-06,3.4300056813663104e-06,3.691331993872559e-06,4.070108401720062e-06
3304,3.326835654257189e-06,2.01892054064956e-06,3.700925626475914e-06,4.089280731932376e-06
3305,3.139163178881669e-06,1.0711965151131153e-05,3.679260773767762e-06,4.095225371202105e-06
3306,3.3973650463142097e-06,5.026190910939476e-06,3.7274158571259855e-06,4.185106642762548e-06
3307,4.035617190917643e-06,2.1556478895945474e-06,3.7171523520353527e-06,3.882228081420181e-06
3308,3.2841397923119885e-06,1.8079694564221426e-06,3.638743945551445e-06,3.962275281082839e-06
3309,3.5718776133661677e-06,3.592008088162402e-06,3.6424401399623705e-06,4.1020559154276275e-06
3310,3.0612847482795285e-06,9.792791533982381e-06,3.6701203201725248e-06,4.060558455239516e-06
3311,4.4897191178784445e-06,2.9055287541268625e-06,3.664666293085854e-06,3.568387166160391e-06
3312,3.833802419042816e-06,2.0720557040476705e-06,3.6601725861348523e-06,3.570190463869948e-06
3313,6.185240838729239e-06,1.9582319146138614e-06,3.67276006789123e-06,3.745727069326676e-06
3314,3.705248144696169e-06,3.7351816263253567e-06,3.6348255855551148e-06,3.671262826173915e-06
3315,3.345718526664617e-06,3.994154849351617e-06,3.5998143755023197e-06,3.65177152416436e-06
3316,3.349824161078787e-06,2.764154487522319e-06,3.611913484777082e-06,3.7356630269641746e-06
3317,3.2378414147792176e-06,3.22478323141695e-06,3.635959963634782e-06,3.7979923923558083e-06
3318,4.639526737769807e-06,4.187755193925114e-06,3.677525079537089e-06,3.495104593457654e-06
3319,4.230767601711705e-06,1.7571954413142522e-06,3.6604107240236776e-06,3.3837861537904246e-06
3320,2.7688926760068474e-06,4.122334339626832e-06,3.652370673959619e-06,3.5652819937240562e-06
3321,3.203221740477602e-06,5.219497743382817e-06,3.6959716425978207e-06,3.6618395683035493e-06
3322,3.7285702860066926e-06,2.0879263774986612e-06,3.6892116952710945e-06,3.660931664126111e-06
3323,3.5042189150165844e-06,2.4468908850394655e-06,3.676919204220515e-06,3.360464534489438e-06
3324,3.4325897836929977e-06,2.1305920108716236e-06,3.6156445178272003e-06,3.3662288755294865e-06
3325,3.1263110738816773e-06,6.031939119566232e-06,3.597325544402944e-06,3.370863868258312e-06
3326,3.2344386343336535e-06,1.6172738196473803e-06,3.4983350328426843e-06,3.5233925922511845e-06
3327,3.0352530807754697e-06,2.503293353584013e-06,3.501784454399765e-06,3.474822540010792e-06
3328,3.430368742556311e-06,5.527293251361698e-06,3.523876619247959e-06,3.4537414059741428e-06
3329,3.927997625699694e-06,3.5771546754403972e-06,3.538880084144896e-06,3.519305306690513e-06
3330,4.178291076439362e-06,3.1397701786772812e-06,3.5314336033277672e-06,3.5068341501755646e-06
3331,2.969506158478907e-06,2.243229919258738e-06,3.484529089978929e-06,3.570198925081059e-06
3332,3.834615939316185e-06,6.693043887935346e-06,3.45356200320263e-06,4.155848054870149e-06
3333,4.374164008267043e-06,4.221908820909448e-06,3.471384614860856e-06,4.103909577679588e-06
3334,3.4028789301980093e-06,3.56931048372644e-06,3.511441402113431e-06,3.990721084846883e-06
3335,2.753972472015044e-06,2.281113293065573e-06,3.4850948850867606e-06,4.030622719074018e-06
3336,2.957851958045568e-06,3.0496372801280812e-06,3.518446737861167e-06,4.010220660165942e-06
3337,3.3758280834364187e-06,2.1879305222682886e-06,3.5061335719547058e-06,4.0129482711563475e-06
3338,3.7104780497227493e-06,5.7714500144356865e-06,3.5416789950431848e-06,3.969626645448443e-06
3339,3.7914836836231793e-06,2.520930320315529e-06,3.5644004750489935e-06,3.986094569881971e-06
3340,3.898022647869463e-06,3.467126498435391e-06,3.5840502182913444e-06,4.0737629127761465e-06
3341,3.7249107835022087e-06,4.4032520054315685e-06,3.6448675575936955e-06,3.947659973528061e-06
3342,3.051679394350989e-06,2.9130043185432443e-06,3.6040770164314985e-06,3.870801412995206e-06
3343,3.4669139040488516e-06,5.771874566562474e-06,3.57259507445633e-06,3.828678303034394e-06
3344,3.4565904323042357e-06,1.6398423686041496e-05,3.5753740200763984e-06,3.8029315323001356e-06
3345,3.214457967462497e-06,2.8238724098628152e-06,3.568744222553101e-06,3.682864356414939e-06
3346,4.204641421791975e-06,2.3897854225651826e-06,3.597672955412337e-06,3.6049276293852015e-06
3347,3.069907360339938e-06,3.0854672331770417e-06,3.578257612510546e-06,3.5463975533275514e-06
3348,4.33801523437675e-06,1.9368394123375766e-06,3.6023266906947058e-06,3.962207963741093e-06
3349,3.1247606360314724e-06,2.1987822856317507e-06,3.6352621265703223e-06,3.915445862185152e-06
3350,4.014946651093649e-06,4.948898476868635e-06,3.63745999545952e-06,4.158167228342791e-06
3351,3.8024756344788734e-06,2.028971930485568e-06,3.6109065730670414e-06,4.0192827853388745e-06
3352,3.526496661834244e-06,4.6950019259384134e-06,3.6036109311983947e-06,4.056456357102433e-06
3353,4.950802225115088e-06,2.3747197701595724e-06,3.5573426764131005e-06,4.096268535249692e-06
3354,2.9082340966447695e-06,1.6556906621190137e-06,3.5942430993903454e-06,4.063813388529524e-06
3355,3.391242527060159e-06,2.0866924296569776e-06,3.6115586725726547e-06,4.034204047093226e-06
3356,3.0389797989806132e-06,1.5995606509022763e-06,3.584689484543763e-06,3.8873339924975875e-06
3357,3.668871001233735e-06,3.6913644908054268e-06,3.6102001464718754e-06,3.3139525539809252e-06
3358,5.097382329747941e-06,2.2734906451660208e-06,3.622939967883415e-06,3.320042108862253e-06
3359,2.9174953576532263e-06,2.106058582285186e-06,3.5960724511217757e-06,3.3434951432354863e-06
3360,3.3556994266190385e-06,1.2676373553404118e-05,3.614594296818218e-06,3.339120905184245e-06
3361,3.7812378549359792e-06,1.8805847412295407e-06,3.5823918275531874e-06,3.3806917799665828e-06
3362,3.4307748056663615e-06,8.25596467620926e-06,3.5987195422219683e-06,3.4117849398171532e-06
3363,3.0466424899107854e-06,2.2993389393377583e-06,3.579439816288262e-06,3.332873452018249e-06
3364,3.6090926369070074e-06,3.450269614404533e-06,3.5686589310191468e-06,3.370759026074667e-06
3365,2.7413162782371124e-06,4.462430952116847e-06,3.5689172046558165e-06,3.3020034003129706e-06
3366,4.647421357933329e-06,3.591873337427387e-06,3.5122032557612527e-06,3.326059060782428e-06
3367,3.484568723908726e-06,2.1727707826357803e-06,3.537192032005502e-06,3.3788758855735083e-06
3368,2.7951842033265468e-06,2.100123201671522e-06,3.542860471033135e-06,3.4144526396630696e-06
3369,4.094356980507049e-06,2.063887723124935e-06,3.5626194191839504e-06,3.4695146649028188e-06
3370,3.5329535027509942e-06,2.97611128189601e-06,3.5571827192446406e-06,3.440904536546442e-06
